1,0.009294,0.010898
2,0.011046,0.013051
3,0.011863,0.013931
4,0.012555,0.014745
5,0.013153,0.015545
6,0.013816,0.016338
7,0.014447,0.017076
8,0.015048,0.017732
9,0.015523,0.018375
10,0.015998,0.018889
11,0.016410,0.019309
12,0.016727,0.019727
13,0.017204,0.020088
14,0.017458,0.020448
15,0.017871,0.020801
16,0.018220,0.021142
17,0.018538,0.021431
18,0.018825,0.021714
19,0.018984,0.021995
20,0.019111,0.022274
21,0.019429,0.022547
22,0.019525,0.022810
23,0.019875,0.023066
24,0.020290,0.023319
25,0.020481,0.023571
26,0.020800,0.023821
27,0.020991,0.024069
28,0.021183,0.024312
29,0.021406,0.024554
30,0.021534,0.024793
31,0.021629,0.025030
32,0.021789,0.025264
33,0.022108,0.025497
34,0.022332,0.025728
35,0.022428,0.025958
36,0.022620,0.026187
37,0.022875,0.026400
38,0.023099,0.026612
39,0.023227,0.026823
40,0.023355,0.027031
41,0.023579,0.027233
42,0.023675,0.027430
43,0.023931,0.027623
44,0.023963,0.027809
45,0.024219,0.027986
46,0.024411,0.028164
47,0.024635,0.028342
48,0.024763,0.028519
49,0.024827,0.028694
50,0.024891,0.028870
51,0.024987,0.029044
52,0.025179,0.029216
53,0.025307,0.029388
54,0.025499,0.029558
55,0.025692,0.029727
56,0.025852,0.029895
57,0.026012,0.030061
58,0.026269,0.030227
59,0.026429,0.030388
60,0.026557,0.030548
61,0.026653,0.030708
62,0.026782,0.030867
63,0.026878,0.031026
64,0.026942,0.031185
65,0.027167,0.031344
66,0.027199,0.031502
67,0.027391,0.031658
68,0.027519,0.031813
69,0.027616,0.031968
70,0.027840,0.032123
71,0.028161,0.032274
72,0.028322,0.032423
73,0.028450,0.032572
74,0.028515,0.032720
75,0.028739,0.032867
76,0.028900,0.033012
77,0.028996,0.033158
78,0.029061,0.033303
79,0.029157,0.033449
80,0.029221,0.033592
81,0.029350,0.033734
82,0.029382,0.033876
83,0.029414,0.034015
84,0.029607,0.034155
85,0.029735,0.034294
86,0.029960,0.034433
87,0.030089,0.034571
88,0.030217,0.034709
89,0.030250,0.034847
90,0.030443,0.034983
91,0.030603,0.035118
92,0.030732,0.035252
93,0.030828,0.035385
94,0.031021,0.035518
95,0.031150,0.035650
96,0.031440,0.035782
97,0.031568,0.035912
98,0.031633,0.036042
99,0.031697,0.036171
100,0.031794,0.036300
101,0.031858,0.036429
102,0.031987,0.036557
103,0.032051,0.036684
104,0.032083,0.036810
105,0.032244,0.036937
106,0.032308,0.037063
107,0.032405,0.037190
108,0.032566,0.037316
109,0.032630,0.037442
110,0.032759,0.037567
111,0.032920,0.037692
112,0.033017,0.037817
113,0.033146,0.037942
114,0.033307,0.038066
115,0.033403,0.038190
116,0.033532,0.038314
117,0.033597,0.038436
118,0.033629,0.038558
119,0.033822,0.038679
120,0.033919,0.038799
121,0.034015,0.038919
122,0.034080,0.039039
123,0.034144,0.039158
124,0.034305,0.039277
125,0.034370,0.039395
126,0.034466,0.039511
127,0.034595,0.039626
128,0.034757,0.039740
129,0.034918,0.039854
130,0.034982,0.039967
131,0.035079,0.040080
132,0.035176,0.040192
133,0.035272,0.040304
134,0.035305,0.040415
135,0.035434,0.040526
136,0.035563,0.040637
137,0.035627,0.040747
138,0.035756,0.040856
139,0.035788,0.040964
140,0.035917,0.041071
141,0.036014,0.041179
142,0.036175,0.041286
143,0.036272,0.041393
144,0.036401,0.041499
145,0.036498,0.041604
146,0.036659,0.041708
147,0.036788,0.041813
148,0.036821,0.041917
149,0.036885,0.042021
150,0.036982,0.042124
151,0.037047,0.042227
152,0.037176,0.042330
153,0.037208,0.042432
154,0.037402,0.042534
155,0.037466,0.042635
156,0.037660,0.042735
157,0.037757,0.042836
158,0.037821,0.042936
159,0.037918,0.043037
160,0.037983,0.043137
161,0.038112,0.043236
162,0.038176,0.043334
163,0.038305,0.043433
164,0.038402,0.043530
165,0.038499,0.043628
166,0.038564,0.043725
167,0.038628,0.043822
168,0.038725,0.043919
169,0.038790,0.044016
170,0.038984,0.044112
171,0.039081,0.044208
172,0.039081,0.044304
173,0.039145,0.044400
174,0.039274,0.044494
175,0.039404,0.044588
176,0.039597,0.044682
177,0.039824,0.044775
178,0.039856,0.044868
179,0.039953,0.044960
180,0.039953,0.045052
181,0.039953,0.045143
182,0.039985,0.045233
183,0.040082,0.045324
184,0.040276,0.045414
185,0.040405,0.045504
186,0.040470,0.045594
187,0.040502,0.045684
188,0.040664,0.045773
189,0.040825,0.045862
190,0.040922,0.045950
191,0.041084,0.046039
192,0.041213,0.046127
193,0.041278,0.046214
194,0.041407,0.046302
195,0.041537,0.046390
196,0.041569,0.046478
197,0.041666,0.046565
198,0.041860,0.046652
199,0.041892,0.046739
200,0.041957,0.046825
201,0.042054,0.046911
202,0.042119,0.046997
203,0.042184,0.047083
204,0.042313,0.047168
205,0.042313,0.047253
206,0.042378,0.047337
207,0.042442,0.047422
208,0.042475,0.047506
209,0.042701,0.047590
210,0.042798,0.047673
211,0.042895,0.047756
212,0.042928,0.047839
213,0.042992,0.047923
214,0.043089,0.048005
215,0.043186,0.048087
216,0.043219,0.048169
217,0.043251,0.048251
218,0.043316,0.048332
219,0.043381,0.048413
220,0.043413,0.048495
221,0.043510,0.048576
222,0.043542,0.048657
223,0.043542,0.048738
224,0.043607,0.048818
225,0.043704,0.048899
226,0.043801,0.048979
227,0.043963,0.049060
228,0.043963,0.049140
229,0.044060,0.049220
230,0.044190,0.049299
231,0.044254,0.049379
232,0.044287,0.049458
233,0.044449,0.049537
234,0.044481,0.049616
235,0.044578,0.049694
236,0.044611,0.049772
237,0.044643,0.049849
238,0.044708,0.049927
239,0.044740,0.050004
240,0.044772,0.050080
241,0.044902,0.050155
242,0.044967,0.050230
243,0.045129,0.050305
244,0.045193,0.050379
245,0.045226,0.050454
246,0.045323,0.050528
247,0.045388,0.050602
248,0.045550,0.050675
249,0.045614,0.050748
250,0.045776,0.050822
251,0.045841,0.050895
252,0.045841,0.050968
253,0.045873,0.051041
254,0.045938,0.051113
255,0.045971,0.051185
256,0.046003,0.051257
257,0.046003,0.051328
258,0.046035,0.051400
259,0.046165,0.051471
260,0.046197,0.051542
261,0.046262,0.051613
262,0.046392,0.051683
263,0.046489,0.051754
264,0.046554,0.051825
265,0.046683,0.051895
266,0.046716,0.051965
267,0.046748,0.052035
268,0.046813,0.052105
269,0.046910,0.052175
270,0.047007,0.052244
271,0.047072,0.052314
272,0.047234,0.052383
273,0.047266,0.052452
274,0.047299,0.052521
275,0.047331,0.052591
276,0.047493,0.052660
277,0.047558,0.052729
278,0.047623,0.052797
279,0.047655,0.052866
280,0.047785,0.052935
281,0.047850,0.053003
282,0.047882,0.053072
283,0.047915,0.053140
284,0.047979,0.053209
285,0.048044,0.053277
286,0.048142,0.053344
287,0.048336,0.053412
288,0.048433,0.053479
289,0.048466,0.053545
290,0.048531,0.053612
291,0.048563,0.053679
292,0.048595,0.053745
293,0.048660,0.053811
294,0.048693,0.053877
295,0.048725,0.053943
296,0.048920,0.054009
297,0.048952,0.054074
298,0.049017,0.054140
299,0.049049,0.054205
300,0.049082,0.054270
301,0.049114,0.054335
302,0.049147,0.054400
303,0.049211,0.054465
304,0.049244,0.054530
305,0.049276,0.054594
306,0.049341,0.054659
307,0.049406,0.054723
308,0.049503,0.054787
309,0.049536,0.054851
310,0.049568,0.054915
311,0.049568,0.054978
312,0.049601,0.055042
313,0.049633,0.055105
314,0.049795,0.055168
315,0.049860,0.055231
316,0.049925,0.055294
317,0.049957,0.055357
318,0.049957,0.055420
319,0.050022,0.055483
320,0.050152,0.055545
321,0.050249,0.055608
322,0.050346,0.055670
323,0.050379,0.055733
324,0.050411,0.055795
325,0.050509,0.055857
326,0.050509,0.055919
327,0.050671,0.055981
328,0.050703,0.056043
329,0.050768,0.056104
330,0.050833,0.056166
331,0.050833,0.056227
332,0.050866,0.056288
333,0.050963,0.056349
334,0.050963,0.056410
335,0.050963,0.056471
336,0.050995,0.056532
337,0.051028,0.056593
338,0.051028,0.056653
339,0.051093,0.056713
340,0.051287,0.056774
341,0.051385,0.056834
342,0.051514,0.056894
343,0.051579,0.056953
344,0.051579,0.057013
345,0.051709,0.057073
346,0.051742,0.057132
347,0.051774,0.057191
348,0.051839,0.057250
349,0.051936,0.057309
350,0.051969,0.057368
351,0.052034,0.057427
352,0.052066,0.057486
353,0.052066,0.057544
354,0.052099,0.057602
355,0.052196,0.057660
356,0.052261,0.057718
357,0.052391,0.057776
358,0.052521,0.057833
359,0.052553,0.057891
360,0.052618,0.057948
361,0.052683,0.058006
362,0.052683,0.058063
363,0.052748,0.058120
364,0.052813,0.058177
365,0.052878,0.058233
366,0.052910,0.058290
367,0.052943,0.058346
368,0.052943,0.058403
369,0.052943,0.058459
370,0.053007,0.058515
371,0.053040,0.058571
372,0.053040,0.058627
373,0.053137,0.058683
374,0.053137,0.058739
375,0.053137,0.058795
376,0.053170,0.058851
377,0.053170,0.058907
378,0.053235,0.058963
379,0.053235,0.059018
380,0.053332,0.059073
381,0.053365,0.059129
382,0.053397,0.059184
383,0.053429,0.059239
384,0.053494,0.059293
385,0.053527,0.059348
386,0.053624,0.059403
387,0.053689,0.059458
388,0.053689,0.059512
389,0.053787,0.059567
390,0.053884,0.059621
391,0.053949,0.059676
392,0.053981,0.059730
393,0.053981,0.059784
394,0.054014,0.059838
395,0.054046,0.059892
396,0.054079,0.059947
397,0.054079,0.060000
398,0.054079,0.060054
399,0.054241,0.060108
400,0.054274,0.060162
401,0.054306,0.060216
402,0.054306,0.060269
403,0.054306,0.060323
404,0.054371,0.060377
405,0.054469,0.060430
406,0.054534,0.060484
407,0.054566,0.060537
408,0.054631,0.060591
409,0.054728,0.060644
410,0.054761,0.060697
411,0.054761,0.060751
412,0.054793,0.060804
413,0.054826,0.060857
414,0.054858,0.060910
415,0.054923,0.060963
416,0.054956,0.061016
417,0.054956,0.061069
418,0.054988,0.061122
419,0.055021,0.061174
420,0.055053,0.061227
421,0.055086,0.061279
422,0.055118,0.061332
423,0.055216,0.061384
424,0.055281,0.061436
425,0.055346,0.061489
426,0.055476,0.061541
427,0.055508,0.061593
428,0.055540,0.061645
429,0.055703,0.061697
430,0.055735,0.061749
431,0.055768,0.061800
432,0.055833,0.061852
433,0.055930,0.061904
434,0.055963,0.061956
435,0.056028,0.062007
436,0.056060,0.062059
437,0.056093,0.062111
438,0.056158,0.062162
439,0.056158,0.062214
440,0.056255,0.062265
441,0.056353,0.062317
442,0.056418,0.062368
443,0.056418,0.062419
444,0.056450,0.062471
445,0.056515,0.062522
446,0.056548,0.062573
447,0.056613,0.062624
448,0.056613,0.062675
449,0.056678,0.062726
450,0.056710,0.062777
451,0.056743,0.062828
452,0.056873,0.062879
453,0.056938,0.062930
454,0.057035,0.062980
455,0.057133,0.063031
456,0.057198,0.063081
457,0.057263,0.063132
458,0.057295,0.063182
459,0.057295,0.063233
460,0.057360,0.063283
461,0.057425,0.063333
462,0.057523,0.063383
463,0.057523,0.063434
464,0.057620,0.063484
465,0.057620,0.063534
466,0.057653,0.063584
467,0.057685,0.063633
468,0.057718,0.063683
469,0.057718,0.063733
470,0.057750,0.063783
471,0.057815,0.063832
472,0.057848,0.063882
473,0.057880,0.063931
474,0.057880,0.063981
475,0.057945,0.064030
476,0.057978,0.064079
477,0.058010,0.064129
478,0.058010,0.064178
479,0.058010,0.064227
480,0.058075,0.064276
481,0.058108,0.064325
482,0.058108,0.064374
483,0.058140,0.064422
484,0.058238,0.064471
485,0.058270,0.064520
486,0.058303,0.064569
487,0.058400,0.064617
488,0.058465,0.064666
489,0.058465,0.064714
490,0.058498,0.064763
491,0.058498,0.064811
492,0.058498,0.064859
493,0.058530,0.064908
494,0.058563,0.064956
495,0.058563,0.065004
496,0.058628,0.065052
497,0.058628,0.065100
498,0.058726,0.065148
499,0.058758,0.065196
500,0.058921,0.065244
501,0.058953,0.065292
502,0.058986,0.065340
503,0.059051,0.065387
504,0.059083,0.065434
505,0.059083,0.065482
506,0.059083,0.065529
507,0.059116,0.065576
508,0.059148,0.065623
509,0.059148,0.065670
510,0.059213,0.065717
511,0.059246,0.065764
512,0.059246,0.065810
513,0.059246,0.065857
514,0.059278,0.065903
515,0.059278,0.065950
516,0.059278,0.065997
517,0.059311,0.066043
518,0.059343,0.066090
519,0.059441,0.066136
520,0.059506,0.066183
521,0.059538,0.066229
522,0.059603,0.066275
523,0.059636,0.066321
524,0.059701,0.066367
525,0.059734,0.066413
526,0.059831,0.066459
527,0.059831,0.066505
528,0.059929,0.066550
529,0.059994,0.066596
530,0.060026,0.066641
531,0.060091,0.066686
532,0.060124,0.066731
533,0.060124,0.066776
534,0.060124,0.066821
535,0.060189,0.066866
536,0.060254,0.066911
537,0.060352,0.066955
538,0.060384,0.067000
539,0.060384,0.067045
540,0.060384,0.067089
541,0.060449,0.067134
542,0.060514,0.067178
543,0.060644,0.067222
544,0.060677,0.067267
545,0.060742,0.067311
546,0.060774,0.067355
547,0.060774,0.067399
548,0.060872,0.067443
549,0.060872,0.067488
550,0.060905,0.067532
551,0.060937,0.067576
552,0.061067,0.067620
553,0.061132,0.067663
554,0.061165,0.067707
555,0.061197,0.067751
556,0.061262,0.067794
557,0.061327,0.067838
558,0.061360,0.067882
559,0.061360,0.067925
560,0.061360,0.067969
561,0.061393,0.068012
562,0.061425,0.068055
563,0.061425,0.068099
564,0.061523,0.068142
565,0.061555,0.068185
566,0.061620,0.068229
567,0.061653,0.068272
568,0.061653,0.068315
569,0.061718,0.068358
570,0.061718,0.068401
571,0.061783,0.068443
572,0.061783,0.068486
573,0.061848,0.068529
574,0.061881,0.068572
575,0.061946,0.068614
576,0.061946,0.068657
577,0.061978,0.068699
578,0.062011,0.068742
579,0.062076,0.068784
580,0.062108,0.068826
581,0.062141,0.068868
582,0.062173,0.068911
583,0.062271,0.068953
584,0.062271,0.068995
585,0.062271,0.069037
586,0.062271,0.069078
587,0.062336,0.069120
588,0.062369,0.069162
589,0.062401,0.069204
590,0.062434,0.069246
591,0.062499,0.069287
592,0.062531,0.069329
593,0.062564,0.069371
594,0.062564,0.069412
595,0.062564,0.069454
596,0.062596,0.069495
597,0.062629,0.069537
598,0.062694,0.069578
599,0.062759,0.069619
600,0.062824,0.069661
601,0.062889,0.069702
602,0.062954,0.069743
603,0.063117,0.069785
604,0.063150,0.069826
605,0.063247,0.069867
606,0.063280,0.069908
607,0.063313,0.069949
608,0.063313,0.069990
609,0.063345,0.070031
610,0.063443,0.070072
611,0.063443,0.070113
612,0.063475,0.070154
613,0.063475,0.070195
614,0.063475,0.070236
615,0.063508,0.070277
616,0.063540,0.070318
617,0.063540,0.070359
618,0.063605,0.070399
619,0.063605,0.070440
620,0.063671,0.070481
621,0.063736,0.070521
622,0.063801,0.070562
623,0.063801,0.070602
624,0.063833,0.070642
625,0.063833,0.070682
626,0.063866,0.070722
627,0.063898,0.070763
628,0.063931,0.070803
629,0.063996,0.070843
630,0.064094,0.070883
631,0.064126,0.070922
632,0.064126,0.070962
633,0.064159,0.071002
634,0.064191,0.071042
635,0.064191,0.071081
636,0.064191,0.071121
637,0.064257,0.071161
638,0.064354,0.071200
639,0.064387,0.071240
640,0.064452,0.071279
641,0.064484,0.071318
642,0.064517,0.071358
643,0.064582,0.071397
644,0.064615,0.071436
645,0.064647,0.071475
646,0.064680,0.071515
647,0.064843,0.071554
648,0.064843,0.071593
649,0.064875,0.071632
650,0.064973,0.071671
651,0.065005,0.071710
652,0.065005,0.071749
653,0.065038,0.071788
654,0.065038,0.071827
655,0.065071,0.071866
656,0.065103,0.071905
657,0.065168,0.071943
658,0.065266,0.071982
659,0.065331,0.072021
660,0.065396,0.072060
661,0.065429,0.072099
662,0.065494,0.072138
663,0.065494,0.072176
664,0.065526,0.072215
665,0.065624,0.072253
666,0.065624,0.072292
667,0.065657,0.072331
668,0.065689,0.072369
669,0.065722,0.072407
670,0.065820,0.072446
671,0.065885,0.072484
672,0.065917,0.072523
673,0.066015,0.072561
674,0.066047,0.072599
675,0.066113,0.072637
676,0.066178,0.072676
677,0.066210,0.072714
678,0.066275,0.072752
679,0.066341,0.072790
680,0.066406,0.072827
681,0.066438,0.072865
682,0.066471,0.072903
683,0.066503,0.072941
684,0.066569,0.072979
685,0.066634,0.073016
686,0.066699,0.073054
687,0.066731,0.073092
688,0.066764,0.073129
689,0.066829,0.073167
690,0.066829,0.073204
691,0.066829,0.073241
692,0.066862,0.073279
693,0.066862,0.073316
694,0.066894,0.073353
695,0.066960,0.073390
696,0.066960,0.073427
697,0.067025,0.073464
698,0.067025,0.073502
699,0.067188,0.073539
700,0.067220,0.073576
701,0.067285,0.073613
702,0.067318,0.073650
703,0.067448,0.073687
704,0.067448,0.073724
705,0.067448,0.073760
706,0.067481,0.073797
707,0.067513,0.073834
708,0.067546,0.073871
709,0.067546,0.073908
710,0.067644,0.073944
711,0.067676,0.073981
712,0.067709,0.074017
713,0.067774,0.074054
714,0.067774,0.074090
715,0.067774,0.074126
716,0.067774,0.074163
717,0.067807,0.074199
718,0.067807,0.074235
719,0.067872,0.074271
720,0.067937,0.074308
721,0.067937,0.074344
722,0.067937,0.074380
723,0.068067,0.074416
724,0.068132,0.074452
725,0.068165,0.074488
726,0.068165,0.074524
727,0.068198,0.074560
728,0.068230,0.074596
729,0.068230,0.074631
730,0.068230,0.074667
731,0.068230,0.074703
732,0.068360,0.074738
733,0.068426,0.074774
734,0.068458,0.074810
735,0.068491,0.074845
736,0.068523,0.074881
737,0.068523,0.074916
738,0.068556,0.074952
739,0.068556,0.074987
740,0.068556,0.075022
741,0.068589,0.075058
742,0.068654,0.075093
743,0.068719,0.075128
744,0.068784,0.075164
745,0.068882,0.075199
746,0.068882,0.075234
747,0.068914,0.075269
748,0.068947,0.075305
749,0.069045,0.075340
750,0.069110,0.075375
751,0.069143,0.075410
752,0.069175,0.075445
753,0.069208,0.075480
754,0.069240,0.075514
755,0.069240,0.075549
756,0.069240,0.075584
757,0.069306,0.075619
758,0.069338,0.075654
759,0.069338,0.075688
760,0.069371,0.075723
761,0.069403,0.075758
762,0.069468,0.075792
763,0.069534,0.075827
764,0.069599,0.075861
765,0.069599,0.075896
766,0.069599,0.075930
767,0.069599,0.075965
768,0.069762,0.075999
769,0.069860,0.076033
770,0.069957,0.076068
771,0.069990,0.076102
772,0.070120,0.076136
773,0.070153,0.076171
774,0.070153,0.076205
775,0.070186,0.076239
776,0.070186,0.076274
777,0.070186,0.076308
778,0.070186,0.076342
779,0.070218,0.076376
780,0.070218,0.076410
781,0.070218,0.076444
782,0.070218,0.076478
783,0.070251,0.076512
784,0.070251,0.076545
785,0.070349,0.076579
786,0.070349,0.076613
787,0.070446,0.076647
788,0.070446,0.076680
789,0.070446,0.076714
790,0.070479,0.076748
791,0.070577,0.076781
792,0.070609,0.076815
793,0.070609,0.076848
794,0.070642,0.076882
795,0.070675,0.076915
796,0.070675,0.076949
797,0.070675,0.076982
798,0.070740,0.077016
799,0.070772,0.077049
800,0.070805,0.077082
801,0.070805,0.077116
802,0.070870,0.077149
803,0.070935,0.077182
804,0.070968,0.077216
805,0.070968,0.077249
806,0.071033,0.077282
807,0.071033,0.077315
808,0.071131,0.077348
809,0.071164,0.077381
810,0.071164,0.077414
811,0.071164,0.077447
812,0.071229,0.077480
813,0.071229,0.077513
814,0.071261,0.077546
815,0.071261,0.077579
816,0.071261,0.077612
817,0.071261,0.077645
818,0.071261,0.077678
819,0.071294,0.077711
820,0.071359,0.077743
821,0.071424,0.077776
822,0.071490,0.077809
823,0.071522,0.077842
824,0.071555,0.077874
825,0.071620,0.077907
826,0.071685,0.077940
827,0.071685,0.077972
828,0.071718,0.078005
829,0.071718,0.078037
830,0.071750,0.078070
831,0.071783,0.078103
832,0.071848,0.078135
833,0.071881,0.078168
834,0.071913,0.078200
835,0.071913,0.078233
836,0.071946,0.078265
837,0.071979,0.078297
838,0.072044,0.078330
839,0.072077,0.078362
840,0.072109,0.078395
841,0.072109,0.078427
842,0.072142,0.078459
843,0.072174,0.078491
844,0.072240,0.078524
845,0.072240,0.078556
846,0.072272,0.078588
847,0.072305,0.078620
848,0.072305,0.078652
849,0.072305,0.078685
850,0.072305,0.078717
851,0.072337,0.078749
852,0.072337,0.078781
853,0.072370,0.078813
854,0.072370,0.078845
855,0.072435,0.078877
856,0.072435,0.078909
857,0.072468,0.078941
858,0.072533,0.078973
859,0.072598,0.079005
860,0.072631,0.079036
861,0.072663,0.079068
862,0.072663,0.079100
863,0.072729,0.079132
864,0.072794,0.079163
865,0.072794,0.079195
866,0.072827,0.079226
867,0.072827,0.079258
868,0.072827,0.079290
869,0.072827,0.079321
870,0.072892,0.079353
871,0.072924,0.079384
872,0.073022,0.079416
873,0.073120,0.079447
874,0.073185,0.079479
875,0.073185,0.079510
876,0.073251,0.079541
877,0.073251,0.079573
878,0.073283,0.079604
879,0.073283,0.079635
880,0.073316,0.079667
881,0.073348,0.079698
882,0.073414,0.079729
883,0.073446,0.079761
884,0.073446,0.079792
885,0.073479,0.079823
886,0.073511,0.079854
887,0.073544,0.079885
888,0.073577,0.079916
889,0.073609,0.079947
890,0.073642,0.079978
891,0.073675,0.080009
892,0.073675,0.080040
893,0.073707,0.080071
894,0.073707,0.080102
895,0.073740,0.080133
896,0.073740,0.080164
897,0.073740,0.080195
898,0.073740,0.080226
899,0.073805,0.080256
900,0.073805,0.080287
901,0.073838,0.080318
902,0.073838,0.080349
903,0.073870,0.080379
904,0.074033,0.080410
905,0.074066,0.080441
906,0.074066,0.080471
907,0.074066,0.080502
908,0.074131,0.080533
909,0.074131,0.080563
910,0.074229,0.080594
911,0.074229,0.080624
912,0.074327,0.080655
913,0.074490,0.080685
914,0.074490,0.080716
915,0.074490,0.080746
916,0.074523,0.080777
917,0.074523,0.080807
918,0.074588,0.080837
919,0.074653,0.080868
920,0.074784,0.080898
921,0.074947,0.080929
922,0.074947,0.080959
923,0.074947,0.080989
924,0.075012,0.081020
925,0.075045,0.081050
926,0.075110,0.081080
927,0.075143,0.081111
928,0.075143,0.081141
929,0.075208,0.081171
930,0.075306,0.081201
931,0.075338,0.081231
932,0.075338,0.081262
933,0.075338,0.081292
934,0.075371,0.081322
935,0.075436,0.081352
936,0.075469,0.081382
937,0.075501,0.081412
938,0.075501,0.081442
939,0.075501,0.081472
940,0.075534,0.081502
941,0.075534,0.081531
942,0.075534,0.081561
943,0.075567,0.081591
944,0.075599,0.081621
945,0.075697,0.081651
946,0.075763,0.081680
947,0.075828,0.081710
948,0.075860,0.081740
949,0.075860,0.081770
950,0.075926,0.081799
951,0.075958,0.081829
952,0.075991,0.081859
953,0.076089,0.081888
954,0.076089,0.081918
955,0.076121,0.081948
956,0.076121,0.081977
957,0.076121,0.082007
958,0.076121,0.082036
959,0.076121,0.082066
960,0.076154,0.082095
961,0.076154,0.082125
962,0.076252,0.082154
963,0.076317,0.082184
964,0.076317,0.082213
965,0.076317,0.082242
966,0.076317,0.082271
967,0.076383,0.082301
968,0.076415,0.082330
969,0.076415,0.082359
970,0.076448,0.082388
971,0.076448,0.082417
972,0.076513,0.082447
973,0.076546,0.082476
974,0.076546,0.082505
975,0.076578,0.082534
976,0.076611,0.082563
977,0.076709,0.082592
978,0.076742,0.082621
979,0.076742,0.082650
980,0.076774,0.082679
981,0.076839,0.082708
982,0.076905,0.082737
983,0.076905,0.082765
984,0.076970,0.082794
985,0.076970,0.082823
986,0.077003,0.082852
987,0.077035,0.082881
988,0.077101,0.082909
989,0.077133,0.082938
990,0.077198,0.082967
991,0.077231,0.082996
992,0.077264,0.083024
993,0.077329,0.083053
994,0.077362,0.083081
995,0.077460,0.083110
996,0.077525,0.083139
997,0.077525,0.083167
998,0.077558,0.083195
999,0.077590,0.083224
1000,0.079027,0.083252
1001,0.079092,0.083280
1002,0.079092,0.083309
1003,0.079092,0.083337
1004,0.079157,0.083365
1005,0.079157,0.083393
1006,0.079157,0.083422
1007,0.079190,0.083450
1008,0.079222,0.083478
1009,0.079320,0.083506
1010,0.079320,0.083534
1011,0.079320,0.083562
1012,0.079320,0.083590
1013,0.079320,0.083618
1014,0.079353,0.083647
1015,0.079353,0.083675
1016,0.079418,0.083703
1017,0.079418,0.083731
1018,0.079451,0.083759
1019,0.079484,0.083787
1020,0.079484,0.083815
1021,0.079516,0.083842
1022,0.079516,0.083870
1023,0.079582,0.083898
1024,0.079614,0.083926
1025,0.079647,0.083953
1026,0.079680,0.083981
1027,0.079680,0.084009
1028,0.079680,0.084037
1029,0.079712,0.084064
1030,0.079712,0.084092
1031,0.079712,0.084120
1032,0.079778,0.084147
1033,0.079810,0.084175
1034,0.079843,0.084202
1035,0.079875,0.084230
1036,0.079973,0.084258
1037,0.080039,0.084285
1038,0.080071,0.084312
1039,0.080104,0.084340
1040,0.080104,0.084367
1041,0.080104,0.084395
1042,0.080137,0.084422
1043,0.080202,0.084449
1044,0.080202,0.084477
1045,0.080333,0.084504
1046,0.080333,0.084531
1047,0.080365,0.084559
1048,0.080365,0.084586
1049,0.080398,0.084613
1050,0.080398,0.084641
1051,0.080398,0.084668
1052,0.080463,0.084695
1053,0.080463,0.084722
1054,0.080463,0.084750
1055,0.080496,0.084777
1056,0.080496,0.084804
1057,0.080496,0.084831
1058,0.080529,0.084858
1059,0.080561,0.084885
1060,0.080561,0.084912
1061,0.080561,0.084939
1062,0.080594,0.084966
1063,0.080594,0.084993
1064,0.080594,0.085020
1065,0.080692,0.085047
1066,0.080725,0.085074
1067,0.080725,0.085101
1068,0.080757,0.085128
1069,0.080757,0.085155
1070,0.080790,0.085182
1071,0.080823,0.085209
1072,0.080823,0.085236
1073,0.080855,0.085262
1074,0.080888,0.085289
1075,0.080888,0.085316
1076,0.080920,0.085343
1077,0.080920,0.085370
1078,0.080920,0.085397
1079,0.080920,0.085424
1080,0.080920,0.085450
1081,0.080920,0.085477
1082,0.080920,0.085504
1083,0.080986,0.085531
1084,0.080986,0.085557
1085,0.081018,0.085584
1086,0.081051,0.085611
1087,0.081084,0.085637
1088,0.081116,0.085664
1089,0.081116,0.085691
1090,0.081182,0.085717
1091,0.081182,0.085744
1092,0.081247,0.085771
1093,0.081312,0.085797
1094,0.081345,0.085824
1095,0.081410,0.085851
1096,0.081410,0.085877
1097,0.081541,0.085904
1098,0.081574,0.085930
1099,0.081574,0.085957
1100,0.081639,0.085983
1101,0.081639,0.086010
1102,0.081639,0.086036
1103,0.081639,0.086063
1104,0.081672,0.086089
1105,0.081704,0.086116
1106,0.081737,0.086142
1107,0.081737,0.086168
1108,0.081770,0.086195
1109,0.081770,0.086221
1110,0.081835,0.086248
1111,0.081933,0.086274
1112,0.081998,0.086300
1113,0.082031,0.086327
1114,0.082031,0.086353
1115,0.082064,0.086379
1116,0.082096,0.086406
1117,0.082096,0.086432
1118,0.082129,0.086458
1119,0.082162,0.086484
1120,0.082227,0.086511
1121,0.082260,0.086537
1122,0.082260,0.086563
1123,0.082325,0.086589
1124,0.082358,0.086615
1125,0.082423,0.086641
1126,0.082456,0.086668
1127,0.082488,0.086694
1128,0.082488,0.086720
1129,0.082521,0.086746
1130,0.082554,0.086772
1131,0.082586,0.086798
1132,0.082652,0.086824
1133,0.082652,0.086850
1134,0.082684,0.086876
1135,0.082684,0.086902
1136,0.082684,0.086928
1137,0.082750,0.086954
1138,0.082750,0.086980
1139,0.082782,0.087006
1140,0.082782,0.087032
1141,0.082880,0.087058
1142,0.082913,0.087084
1143,0.082913,0.087110
1144,0.082946,0.087136
1145,0.082946,0.087162
1146,0.083044,0.087188
1147,0.083044,0.087214
1148,0.083076,0.087239
1149,0.083076,0.087265
1150,0.083076,0.087291
1151,0.083109,0.087317
1152,0.083109,0.087342
1153,0.083174,0.087368
1154,0.083240,0.087394
1155,0.083272,0.087420
1156,0.083305,0.087445
1157,0.083338,0.087471
1158,0.083338,0.087496
1159,0.083338,0.087522
1160,0.083338,0.087547
1161,0.083370,0.087573
1162,0.083403,0.087598
1163,0.083468,0.087624
1164,0.083501,0.087650
1165,0.083501,0.087675
1166,0.083566,0.087701
1167,0.083566,0.087726
1168,0.083599,0.087752
1169,0.083632,0.087777
1170,0.083632,0.087803
1171,0.083730,0.087828
1172,0.083828,0.087853
1173,0.083893,0.087879
1174,0.083926,0.087904
1175,0.083991,0.087930
1176,0.084024,0.087955
1177,0.084122,0.087980
1178,0.084220,0.088006
1179,0.084318,0.088031
1180,0.084318,0.088057
1181,0.084318,0.088082
1182,0.084383,0.088107
1183,0.084416,0.088132
1184,0.084416,0.088158
1185,0.084449,0.088183
1186,0.084449,0.088208
1187,0.084449,0.088233
1188,0.084449,0.088259
1189,0.084514,0.088284
1190,0.084514,0.088309
1191,0.084547,0.088334
1192,0.084547,0.088359
1193,0.084612,0.088384
1194,0.084612,0.088410
1195,0.084677,0.088435
1196,0.084677,0.088460
1197,0.084743,0.088485
1198,0.084743,0.088510
1199,0.084743,0.088535
1200,0.084775,0.088560
1201,0.084775,0.088585
1202,0.084775,0.088609
1203,0.084775,0.088634
1204,0.084808,0.088659
1205,0.084841,0.088684
1206,0.084873,0.088709
1207,0.084873,0.088734
1208,0.084873,0.088759
1209,0.084873,0.088784
1210,0.084873,0.088809
1211,0.084873,0.088834
1212,0.084873,0.088858
1213,0.084873,0.088883
1214,0.084873,0.088908
1215,0.084939,0.088933
1216,0.084939,0.088958
1217,0.085004,0.088982
1218,0.085037,0.089007
1219,0.085102,0.089032
1220,0.085102,0.089056
1221,0.085102,0.089081
1222,0.085135,0.089106
1223,0.085168,0.089131
1224,0.085200,0.089155
1225,0.085200,0.089180
1226,0.085233,0.089205
1227,0.085233,0.089229
1228,0.085266,0.089254
1229,0.085266,0.089278
1230,0.085331,0.089303
1231,0.085364,0.089328
1232,0.085396,0.089352
1233,0.085396,0.089377
1234,0.085396,0.089401
1235,0.085462,0.089426
1236,0.085462,0.089450
1237,0.085494,0.089475
1238,0.085527,0.089499
1239,0.085527,0.089523
1240,0.085560,0.089548
1241,0.085560,0.089572
1242,0.085560,0.089596
1243,0.085560,0.089621
1244,0.085560,0.089645
1245,0.085560,0.089669
1246,0.085560,0.089693
1247,0.085560,0.089718
1248,0.085592,0.089742
1249,0.085592,0.089766
1250,0.085592,0.089790
1251,0.085625,0.089814
1252,0.085691,0.089838
1253,0.085723,0.089862
1254,0.085723,0.089886
1255,0.085723,0.089910
1256,0.085723,0.089934
1257,0.085723,0.089958
1258,0.085756,0.089982
1259,0.085821,0.090006
1260,0.085821,0.090030
1261,0.085821,0.090054
1262,0.085821,0.090078
1263,0.085854,0.090102
1264,0.085854,0.090126
1265,0.085887,0.090150
1266,0.085952,0.090173
1267,0.085952,0.090197
1268,0.085985,0.090221
1269,0.085985,0.090245
1270,0.085985,0.090269
1271,0.085985,0.090292
1272,0.086017,0.090316
1273,0.086050,0.090340
1274,0.086050,0.090363
1275,0.086050,0.090387
1276,0.086115,0.090410
1277,0.086181,0.090434
1278,0.086181,0.090458
1279,0.086213,0.090481
1280,0.086246,0.090505
1281,0.086279,0.090528
1282,0.086377,0.090552
1283,0.086410,0.090575
1284,0.086410,0.090599
1285,0.086410,0.090622
1286,0.086410,0.090646
1287,0.086410,0.090669
1288,0.086442,0.090692
1289,0.086442,0.090716
1290,0.086475,0.090739
1291,0.086508,0.090762
1292,0.086508,0.090786
1293,0.086540,0.090809
1294,0.086540,0.090832
1295,0.086606,0.090856
1296,0.086606,0.090879
1297,0.086638,0.090902
1298,0.086638,0.090925
1299,0.086671,0.090949
1300,0.086671,0.090972
1301,0.086671,0.090995
1302,0.086671,0.091018
1303,0.086736,0.091041
1304,0.086736,0.091065
1305,0.086835,0.091088
1306,0.086867,0.091111
1307,0.086867,0.091134
1308,0.086900,0.091157
1309,0.086900,0.091180
1310,0.086965,0.091204
1311,0.086998,0.091227
1312,0.086998,0.091250
1313,0.086998,0.091273
1314,0.087031,0.091296
1315,0.087096,0.091319
1316,0.087129,0.091342
1317,0.087194,0.091365
1318,0.087260,0.091388
1319,0.087260,0.091411
1320,0.087260,0.091434
1321,0.087292,0.091457
1322,0.087292,0.091480
1323,0.087292,0.091503
1324,0.087325,0.091526
1325,0.087358,0.091549
1326,0.087358,0.091572
1327,0.087358,0.091595
1328,0.087358,0.091617
1329,0.087423,0.091640
1330,0.087488,0.091663
1331,0.087488,0.091686
1332,0.087488,0.091709
1333,0.087521,0.091732
1334,0.087586,0.091754
1335,0.087586,0.091777
1336,0.087586,0.091800
1337,0.087586,0.091823
1338,0.087586,0.091845
1339,0.087652,0.091868
1340,0.087652,0.091891
1341,0.087652,0.091913
1342,0.087652,0.091936
1343,0.087685,0.091959
1344,0.087685,0.091981
1345,0.087685,0.092004
1346,0.087685,0.092027
1347,0.087685,0.092049
1348,0.087717,0.092072
1349,0.087717,0.092095
1350,0.087717,0.092117
1351,0.087750,0.092140
1352,0.087750,0.092162
1353,0.087815,0.092185
1354,0.087881,0.092207
1355,0.087913,0.092230
1356,0.087946,0.092252
1357,0.087946,0.092275
1358,0.087979,0.092297
1359,0.087979,0.092320
1360,0.087979,0.092342
1361,0.088044,0.092364
1362,0.088077,0.092387
1363,0.088077,0.092409
1364,0.088142,0.092432
1365,0.088142,0.092454
1366,0.088175,0.092476
1367,0.088175,0.092499
1368,0.088240,0.092521
1369,0.088240,0.092543
1370,0.088240,0.092566
1371,0.088240,0.092588
1372,0.088338,0.092610
1373,0.088371,0.092632
1374,0.088404,0.092655
1375,0.088437,0.092677
1376,0.088437,0.092699
1377,0.088469,0.092721
1378,0.088469,0.092743
1379,0.088502,0.092766
1380,0.088502,0.092788
1381,0.088502,0.092810
1382,0.088535,0.092832
1383,0.088535,0.092854
1384,0.088535,0.092876
1385,0.088535,0.092898
1386,0.088567,0.092920
1387,0.088567,0.092942
1388,0.088633,0.092964
1389,0.088633,0.092986
1390,0.088633,0.093008
1391,0.088633,0.093030
1392,0.088698,0.093052
1393,0.088698,0.093074
1394,0.088763,0.093096
1395,0.088763,0.093118
1396,0.088763,0.093140
1397,0.088796,0.093162
1398,0.088829,0.093184
1399,0.088862,0.093206
1400,0.088862,0.093227
1401,0.088927,0.093249
1402,0.088927,0.093271
1403,0.088927,0.093293
1404,0.088960,0.093315
1405,0.088960,0.093336
1406,0.088960,0.093358
1407,0.088992,0.093380
1408,0.088992,0.093402
1409,0.088992,0.093423
1410,0.089025,0.093445
1411,0.089025,0.093467
1412,0.089058,0.093488
1413,0.089123,0.093510
1414,0.089123,0.093532
1415,0.089156,0.093554
1416,0.089189,0.093575
1417,0.089221,0.093597
1418,0.089254,0.093619
1419,0.089287,0.093640
1420,0.089319,0.093662
1421,0.089352,0.093683
1422,0.089352,0.093705
1423,0.089385,0.093727
1424,0.089385,0.093748
1425,0.089385,0.093770
1426,0.089417,0.093792
1427,0.089483,0.093813
1428,0.089483,0.093835
1429,0.089516,0.093856
1430,0.089516,0.093878
1431,0.089516,0.093899
1432,0.089516,0.093921
1433,0.089516,0.093942
1434,0.089516,0.093964
1435,0.089516,0.093985
1436,0.089581,0.094007
1437,0.089614,0.094028
1438,0.089614,0.094050
1439,0.089646,0.094071
1440,0.089712,0.094093
1441,0.089712,0.094114
1442,0.089744,0.094136
1443,0.089777,0.094157
1444,0.089777,0.094179
1445,0.089777,0.094200
1446,0.089843,0.094222
1447,0.089875,0.094243
1448,0.089908,0.094265
1449,0.089941,0.094286
1450,0.089941,0.094307
1451,0.089941,0.094329
1452,0.089973,0.094350
1453,0.089973,0.094372
1454,0.089973,0.094393
1455,0.089973,0.094414
1456,0.089973,0.094436
1457,0.090006,0.094457
1458,0.090006,0.094478
1459,0.090039,0.094500
1460,0.090104,0.094521
1461,0.090137,0.094543
1462,0.090170,0.094564
1463,0.090170,0.094585
1464,0.090235,0.094606
1465,0.090268,0.094628
1466,0.090300,0.094649
1467,0.090300,0.094670
1468,0.090366,0.094692
1469,0.090366,0.094713
1470,0.090366,0.094734
1471,0.090366,0.094755
1472,0.090366,0.094777
1473,0.090366,0.094798
1474,0.090366,0.094819
1475,0.090399,0.094840
1476,0.090399,0.094861
1477,0.090399,0.094883
1478,0.090431,0.094904
1479,0.090431,0.094925
1480,0.090497,0.094946
1481,0.090497,0.094967
1482,0.090562,0.094989
1483,0.090595,0.095010
1484,0.090628,0.095031
1485,0.090660,0.095052
1486,0.090693,0.095073
1487,0.090726,0.095094
1488,0.090726,0.095116
1489,0.090758,0.095137
1490,0.090758,0.095158
1491,0.090791,0.095179
1492,0.090791,0.095200
1493,0.090791,0.095221
1494,0.090791,0.095242
1495,0.090791,0.095263
1496,0.090791,0.095284
1497,0.090824,0.095305
1498,0.090856,0.095326
1499,0.090856,0.095347
1500,0.090889,0.095368
1501,0.090922,0.095389
1502,0.090922,0.095410
1503,0.090955,0.095431
1504,0.090955,0.095452
1505,0.090955,0.095473
1506,0.090955,0.095494
1507,0.090955,0.095515
1508,0.090987,0.095536
1509,0.090987,0.095557
1510,0.090987,0.095578
1511,0.091020,0.095599
1512,0.091020,0.095619
1513,0.091020,0.095640
1514,0.091053,0.095661
1515,0.091053,0.095682
1516,0.091053,0.095703
1517,0.091085,0.095724
1518,0.091184,0.095745
1519,0.091184,0.095766
1520,0.091184,0.095786
1521,0.091184,0.095807
1522,0.091184,0.095828
1523,0.091184,0.095849
1524,0.091216,0.095870
1525,0.091216,0.095890
1526,0.091216,0.095911
1527,0.091249,0.095932
1528,0.091314,0.095953
1529,0.091314,0.095973
1530,0.091314,0.095994
1531,0.091314,0.096015
1532,0.091380,0.096035
1533,0.091380,0.096056
1534,0.091380,0.096077
1535,0.091380,0.096097
1536,0.091380,0.096118
1537,0.091413,0.096139
1538,0.091413,0.096159
1539,0.091413,0.096180
1540,0.091478,0.096200
1541,0.091511,0.096221
1542,0.091511,0.096242
1543,0.091511,0.096262
1544,0.091543,0.096282
1545,0.091543,0.096303
1546,0.091576,0.096323
1547,0.091576,0.096344
1548,0.091576,0.096364
1549,0.091609,0.096385
1550,0.091609,0.096405
1551,0.091609,0.096426
1552,0.091609,0.096446
1553,0.091642,0.096466
1554,0.091674,0.096487
1555,0.091707,0.096507
1556,0.091772,0.096528
1557,0.091772,0.096548
1558,0.091805,0.096568
1559,0.091805,0.096589
1560,0.091805,0.096609
1561,0.091805,0.096629
1562,0.091838,0.096650
1563,0.091903,0.096670
1564,0.091969,0.096690
1565,0.091969,0.096710
1566,0.092001,0.096731
1567,0.092001,0.096751
1568,0.092034,0.096771
1569,0.092099,0.096791
1570,0.092099,0.096812
1571,0.092132,0.096832
1572,0.092132,0.096852
1573,0.092230,0.096872
1574,0.092230,0.096892
1575,0.092263,0.096913
1576,0.092296,0.096933
1577,0.092394,0.096953
1578,0.092394,0.096973
1579,0.092394,0.096993
1580,0.092427,0.097013
1581,0.092459,0.097034
1582,0.092459,0.097054
1583,0.092492,0.097074
1584,0.092492,0.097094
1585,0.092492,0.097114
1586,0.092492,0.097134
1587,0.092492,0.097154
1588,0.092525,0.097174
1589,0.092525,0.097194
1590,0.092590,0.097214
1591,0.092590,0.097234
1592,0.092590,0.097254
1593,0.092590,0.097274
1594,0.092656,0.097294
1595,0.092656,0.097314
1596,0.092688,0.097334
1597,0.092688,0.097354
1598,0.092688,0.097374
1599,0.092754,0.097394
1600,0.092787,0.097414
1601,0.092787,0.097434
1602,0.092852,0.097454
1603,0.092852,0.097474
1604,0.092852,0.097494
1605,0.092852,0.097514
1606,0.092917,0.097534
1607,0.093016,0.097554
1608,0.093048,0.097574
1609,0.093081,0.097594
1610,0.093114,0.097614
1611,0.093114,0.097634
1612,0.093114,0.097654
1613,0.093146,0.097674
1614,0.093146,0.097694
1615,0.093146,0.097714
1616,0.093146,0.097734
1617,0.093179,0.097754
1618,0.093179,0.097773
1619,0.093212,0.097793
1620,0.093245,0.097813
1621,0.093277,0.097833
1622,0.093277,0.097853
1623,0.093277,0.097872
1624,0.093277,0.097892
1625,0.093310,0.097912
1626,0.093310,0.097932
1627,0.093310,0.097952
1628,0.093310,0.097971
1629,0.093310,0.097991
1630,0.093310,0.098011
1631,0.093310,0.098030
1632,0.093310,0.098050
1633,0.093310,0.098070
1634,0.093310,0.098089
1635,0.093310,0.098109
1636,0.093310,0.098128
1637,0.093375,0.098148
1638,0.093375,0.098168
1639,0.093375,0.098187
1640,0.093441,0.098207
1641,0.093441,0.098226
1642,0.093474,0.098246
1643,0.093506,0.098266
1644,0.093506,0.098285
1645,0.093506,0.098305
1646,0.093539,0.098324
1647,0.093539,0.098344
1648,0.093572,0.098363
1649,0.093572,0.098383
1650,0.093604,0.098402
1651,0.093637,0.098422
1652,0.093703,0.098441
1653,0.093735,0.098461
1654,0.093801,0.098480
1655,0.093834,0.098500
1656,0.093866,0.098519
1657,0.093866,0.098538
1658,0.093899,0.098558
1659,0.093932,0.098577
1660,0.093932,0.098597
1661,0.094030,0.098616
1662,0.094030,0.098635
1663,0.094063,0.098655
1664,0.094095,0.098674
1665,0.094095,0.098693
1666,0.094095,0.098713
1667,0.094095,0.098732
1668,0.094161,0.098751
1669,0.094161,0.098771
1670,0.094161,0.098790
1671,0.094193,0.098809
1672,0.094259,0.098828
1673,0.094292,0.098848
1674,0.094292,0.098867
1675,0.094324,0.098886
1676,0.094324,0.098905
1677,0.094324,0.098924
1678,0.094324,0.098944
1679,0.094324,0.098963
1680,0.094324,0.098982
1681,0.094324,0.099001
1682,0.094357,0.099020
1683,0.094357,0.099039
1684,0.094357,0.099058
1685,0.094357,0.099077
1686,0.094357,0.099097
1687,0.094423,0.099116
1688,0.094423,0.099135
1689,0.094455,0.099154
1690,0.094455,0.099173
1691,0.094455,0.099192
1692,0.094455,0.099211
1693,0.094488,0.099230
1694,0.094488,0.099249
1695,0.094488,0.099268
1696,0.094488,0.099287
1697,0.094488,0.099306
1698,0.094488,0.099325
1699,0.094521,0.099344
1700,0.094521,0.099362
1701,0.094553,0.099381
1702,0.094553,0.099400
1703,0.094553,0.099419
1704,0.094553,0.099438
1705,0.094553,0.099457
1706,0.094553,0.099476
1707,0.094553,0.099494
1708,0.094586,0.099513
1709,0.094652,0.099532
1710,0.094684,0.099551
1711,0.094684,0.099569
1712,0.094684,0.099588
1713,0.094684,0.099607
1714,0.094717,0.099626
1715,0.094750,0.099644
1716,0.094750,0.099663
1717,0.094782,0.099682
1718,0.094815,0.099701
1719,0.094815,0.099719
1720,0.094815,0.099738
1721,0.094848,0.099757
1722,0.094848,0.099775
1723,0.094881,0.099794
1724,0.094881,0.099813
1725,0.094881,0.099831
1726,0.094881,0.099850
1727,0.094979,0.099869
1728,0.095012,0.099887
1729,0.095012,0.099906
1730,0.095077,0.099924
1731,0.095077,0.099943
1732,0.095142,0.099962
1733,0.095175,0.099980
1734,0.095208,0.099999
1735,0.095208,0.100017
1736,0.095208,0.100036
1737,0.095339,0.100055
1738,0.095339,0.100073
1739,0.095339,0.100092
1740,0.095339,0.100110
1741,0.095372,0.100129
1742,0.095372,0.100147
1743,0.095372,0.100166
1744,0.095372,0.100184
1745,0.095404,0.100203
1746,0.095437,0.100221
1747,0.095437,0.100240
1748,0.095470,0.100258
1749,0.095535,0.100277
1750,0.095535,0.100295
1751,0.095568,0.100314
1752,0.095666,0.100332
1753,0.095666,0.100351
1754,0.095666,0.100369
1755,0.095666,0.100388
1756,0.095666,0.100406
1757,0.095666,0.100424
1758,0.095666,0.100443
1759,0.095666,0.100461
1760,0.095699,0.100479
1761,0.095699,0.100498
1762,0.095764,0.100516
1763,0.095764,0.100534
1764,0.095764,0.100553
1765,0.095764,0.100571
1766,0.095764,0.100589
1767,0.095797,0.100608
1768,0.095797,0.100626
1769,0.095797,0.100644
1770,0.095797,0.100663
1771,0.095797,0.100681
1772,0.095862,0.100699
1773,0.095895,0.100717
1774,0.095895,0.100736
1775,0.095961,0.100754
1776,0.095961,0.100772
1777,0.095961,0.100790
1778,0.095961,0.100809
1779,0.095961,0.100827
1780,0.095993,0.100845
1781,0.095993,0.100863
1782,0.095993,0.100881
1783,0.096026,0.100900
1784,0.096059,0.100918
1785,0.096059,0.100936
1786,0.096092,0.100954
1787,0.096157,0.100972
1788,0.096157,0.100990
1789,0.096157,0.101009
1790,0.096157,0.101027
1791,0.096190,0.101045
1792,0.096190,0.101063
1793,0.096190,0.101081
1794,0.096223,0.101099
1795,0.096288,0.101117
1796,0.096321,0.101136
1797,0.096321,0.101154
1798,0.096353,0.101172
1799,0.096353,0.101190
1800,0.096386,0.101208
1801,0.096419,0.101226
1802,0.096419,0.101244
1803,0.096419,0.101262
1804,0.096419,0.101280
1805,0.096452,0.101298
1806,0.096452,0.101316
1807,0.096484,0.101334
1808,0.096484,0.101352
1809,0.096484,0.101370
1810,0.096517,0.101388
1811,0.096550,0.101406
1812,0.096550,0.101424
1813,0.096550,0.101442
1814,0.096583,0.101460
1815,0.096583,0.101478
1816,0.096615,0.101496
1817,0.096615,0.101514
1818,0.096615,0.101532
1819,0.096615,0.101550
1820,0.096681,0.101568
1821,0.096714,0.101586
1822,0.096714,0.101604
1823,0.096714,0.101622
1824,0.096746,0.101640
1825,0.096779,0.101658
1826,0.096779,0.101676
1827,0.096812,0.101694
1828,0.096844,0.101712
1829,0.096877,0.101730
1830,0.096975,0.101747
1831,0.097008,0.101765
1832,0.097008,0.101783
1833,0.097008,0.101801
1834,0.097008,0.101819
1835,0.097008,0.101837
1836,0.097008,0.101855
1837,0.097041,0.101872
1838,0.097074,0.101890
1839,0.097074,0.101908
1840,0.097074,0.101926
1841,0.097074,0.101944
1842,0.097106,0.101962
1843,0.097139,0.101980
1844,0.097139,0.101997
1845,0.097139,0.102015
1846,0.097139,0.102033
1847,0.097237,0.102051
1848,0.097270,0.102069
1849,0.097270,0.102086
1850,0.097270,0.102104
1851,0.097270,0.102122
1852,0.097270,0.102140
1853,0.097303,0.102157
1854,0.097303,0.102175
1855,0.097368,0.102193
1856,0.097401,0.102211
1857,0.097401,0.102228
1858,0.097499,0.102246
1859,0.097532,0.102264
1860,0.097532,0.102282
1861,0.097532,0.102299
1862,0.097532,0.102317
1863,0.097532,0.102335
1864,0.097532,0.102353
1865,0.097532,0.102370
1866,0.097532,0.102388
1867,0.097532,0.102406
1868,0.097532,0.102423
1869,0.097565,0.102441
1870,0.097597,0.102459
1871,0.097597,0.102476
1872,0.097630,0.102494
1873,0.097663,0.102511
1874,0.097663,0.102529
1875,0.097663,0.102547
1876,0.097663,0.102564
1877,0.097663,0.102582
1878,0.097696,0.102600
1879,0.097728,0.102617
1880,0.097761,0.102635
1881,0.097794,0.102652
1882,0.097827,0.102670
1883,0.097827,0.102687
1884,0.097859,0.102705
1885,0.097859,0.102723
1886,0.097859,0.102740
1887,0.097892,0.102758
1888,0.097925,0.102775
1889,0.097990,0.102793
1890,0.097990,0.102810
1891,0.097990,0.102828
1892,0.097990,0.102845
1893,0.098056,0.102863
1894,0.098056,0.102880
1895,0.098056,0.102898
1896,0.098056,0.102915
1897,0.098056,0.102933
1898,0.098121,0.102950
1899,0.098154,0.102968
1900,0.098154,0.102985
1901,0.098252,0.103003
1902,0.098252,0.103020
1903,0.098252,0.103038
1904,0.098318,0.103055
1905,0.098318,0.103072
1906,0.098318,0.103090
1907,0.098318,0.103107
1908,0.098350,0.103125
1909,0.098350,0.103142
1910,0.098350,0.103159
1911,0.098383,0.103177
1912,0.098383,0.103194
1913,0.098449,0.103211
1914,0.098449,0.103229
1915,0.098449,0.103246
1916,0.098449,0.103263
1917,0.098449,0.103281
1918,0.098449,0.103298
1919,0.098481,0.103315
1920,0.098514,0.103332
1921,0.098547,0.103350
1922,0.098645,0.103367
1923,0.098645,0.103384
1924,0.098645,0.103401
1925,0.098645,0.103419
1926,0.098678,0.103436
1927,0.098743,0.103453
1928,0.098743,0.103470
1929,0.098743,0.103488
1930,0.098743,0.103505
1931,0.098743,0.103522
1932,0.098776,0.103539
1933,0.098809,0.103556
1934,0.098809,0.103574
1935,0.098841,0.103591
1936,0.098841,0.103608
1937,0.098841,0.103625
1938,0.098841,0.103642
1939,0.098874,0.103659
1940,0.098907,0.103676
1941,0.098907,0.103693
1942,0.098907,0.103711
1943,0.098907,0.103728
1944,0.098972,0.103745
1945,0.098972,0.103762
1946,0.098972,0.103779
1947,0.099005,0.103796
1948,0.099005,0.103813
1949,0.099005,0.103830
1950,0.099005,0.103847
1951,0.099005,0.103864
1952,0.099005,0.103882
1953,0.099005,0.103899
1954,0.099038,0.103916
1955,0.099071,0.103933
1956,0.099071,0.103950
1957,0.099103,0.103967
1958,0.099169,0.103984
1959,0.099169,0.104001
1960,0.099169,0.104018
1961,0.099169,0.104035
1962,0.099202,0.104051
1963,0.099202,0.104068
1964,0.099234,0.104085
1965,0.099234,0.104102
1966,0.099234,0.104119
1967,0.099234,0.104136
1968,0.099234,0.104153
1969,0.099234,0.104170
1970,0.099267,0.104187
1971,0.099267,0.104204
1972,0.099267,0.104220
1973,0.099267,0.104237
1974,0.099300,0.104254
1975,0.099333,0.104271
1976,0.099365,0.104288
1977,0.099365,0.104305
1978,0.099365,0.104321
1979,0.099365,0.104338
1980,0.099398,0.104355
1981,0.099398,0.104372
1982,0.099431,0.104389
1983,0.099431,0.104405
1984,0.099431,0.104422
1985,0.099464,0.104439
1986,0.099464,0.104456
1987,0.099496,0.104472
1988,0.099496,0.104489
1989,0.099496,0.104506
1990,0.099496,0.104523
1991,0.099529,0.104539
1992,0.099529,0.104556
1993,0.099529,0.104573
1994,0.099529,0.104589
1995,0.099595,0.104606
1996,0.099595,0.104623
1997,0.099595,0.104640
1998,0.099595,0.104656
1999,0.099660,0.104673
2000,0.103394,0.104690
2001,0.103459,0.104706
2002,0.103492,0.104723
2003,0.103492,0.104740
2004,0.103525,0.104756
2005,0.103525,0.104773
2006,0.103525,0.104790
2007,0.103525,0.104806
2008,0.103525,0.104823
2009,0.103525,0.104839
2010,0.103558,0.104856
2011,0.103558,0.104873
2012,0.103590,0.104889
2013,0.103590,0.104906
2014,0.103623,0.104923
2015,0.103689,0.104939
2016,0.103689,0.104956
2017,0.103689,0.104972
2018,0.103722,0.104989
2019,0.103722,0.105006
2020,0.103722,0.105022
2021,0.103754,0.105039
2022,0.103754,0.105055
2023,0.103754,0.105072
2024,0.103754,0.105088
2025,0.103787,0.105105
2026,0.103820,0.105121
2027,0.103820,0.105138
2028,0.103820,0.105155
2029,0.103820,0.105171
2030,0.103820,0.105188
2031,0.103820,0.105204
2032,0.103853,0.105221
2033,0.103885,0.105237
2034,0.103918,0.105254
2035,0.103918,0.105270
2036,0.103984,0.105287
2037,0.103984,0.105303
2038,0.103984,0.105320
2039,0.103984,0.105336
2040,0.103984,0.105353
2041,0.103984,0.105369
2042,0.103984,0.105386
2043,0.104016,0.105402
2044,0.104049,0.105419
2045,0.104082,0.105435
2046,0.104147,0.105452
2047,0.104147,0.105468
2048,0.104213,0.105485
2049,0.104213,0.105501
2050,0.104246,0.105517
2051,0.104246,0.105534
2052,0.104246,0.105550
2053,0.104246,0.105567
2054,0.104278,0.105583
2055,0.104344,0.105599
2056,0.104344,0.105616
2057,0.104377,0.105632
2058,0.104442,0.105649
2059,0.104475,0.105665
2060,0.104475,0.105681
2061,0.104508,0.105698
2062,0.104508,0.105714
2063,0.104508,0.105730
2064,0.104541,0.105747
2065,0.104541,0.105763
2066,0.104541,0.105779
2067,0.104541,0.105796
2068,0.104541,0.105812
2069,0.104541,0.105828
2070,0.104541,0.105845
2071,0.104541,0.105861
2072,0.104606,0.105877
2073,0.104639,0.105893
2074,0.104639,0.105909
2075,0.104639,0.105926
2076,0.104639,0.105942
2077,0.104639,0.105958
2078,0.104672,0.105974
2079,0.104672,0.105990
2080,0.104672,0.106006
2081,0.104737,0.106023
2082,0.104737,0.106039
2083,0.104770,0.106055
2084,0.104770,0.106071
2085,0.104770,0.106087
2086,0.104770,0.106103
2087,0.104770,0.106119
2088,0.104770,0.106135
2089,0.104770,0.106151
2090,0.104770,0.106167
2091,0.104770,0.106183
2092,0.104770,0.106199
2093,0.104803,0.106215
2094,0.104803,0.106231
2095,0.104835,0.106247
2096,0.104835,0.106263
2097,0.104868,0.106279
2098,0.104868,0.106295
2099,0.104901,0.106311
2100,0.104901,0.106327
2101,0.104967,0.106343
2102,0.104967,0.106359
2103,0.104999,0.106375
2104,0.104999,0.106391
2105,0.105032,0.106407
2106,0.105032,0.106423
2107,0.105098,0.106439
2108,0.105130,0.106455
2109,0.105163,0.106471
2110,0.105229,0.106487
2111,0.105261,0.106503
2112,0.105261,0.106519
2113,0.105261,0.106535
2114,0.105294,0.106551
2115,0.105294,0.106567
2116,0.105360,0.106583
2117,0.105360,0.106599
2118,0.105360,0.106615
2119,0.105360,0.106630
2120,0.105393,0.106646
2121,0.105425,0.106662
2122,0.105458,0.106678
2123,0.105458,0.106694
2124,0.105458,0.106710
2125,0.105458,0.106726
2126,0.105458,0.106742
2127,0.105491,0.106757
2128,0.105524,0.106773
2129,0.105524,0.106789
2130,0.105524,0.106805
2131,0.105524,0.106821
2132,0.105524,0.106837
2133,0.105556,0.106852
2134,0.105589,0.106868
2135,0.105589,0.106884
2136,0.105622,0.106900
2137,0.105622,0.106916
2138,0.105622,0.106932
2139,0.105622,0.106947
2140,0.105622,0.106963
2141,0.105655,0.106979
2142,0.105655,0.106995
2143,0.105655,0.107010
2144,0.105655,0.107026
2145,0.105687,0.107042
2146,0.105687,0.107058
2147,0.105720,0.107073
2148,0.105720,0.107089
2149,0.105753,0.107105
2150,0.105753,0.107121
2151,0.105753,0.107136
2152,0.105753,0.107152
2153,0.105753,0.107168
2154,0.105753,0.107184
2155,0.105753,0.107199
2156,0.105786,0.107215
2157,0.105819,0.107231
2158,0.105851,0.107246
2159,0.105851,0.107262
2160,0.105917,0.107278
2161,0.105950,0.107293
2162,0.105982,0.107309
2163,0.106048,0.107325
2164,0.106048,0.107340
2165,0.106081,0.107356
2166,0.106113,0.107372
2167,0.106113,0.107387
2168,0.106113,0.107403
2169,0.106113,0.107419
2170,0.106179,0.107434
2171,0.106212,0.107450
2172,0.106212,0.107465
2173,0.106212,0.107481
2174,0.106245,0.107496
2175,0.106245,0.107512
2176,0.106277,0.107528
2177,0.106277,0.107543
2178,0.106310,0.107559
2179,0.106310,0.107574
2180,0.106310,0.107590
2181,0.106310,0.107605
2182,0.106376,0.107621
2183,0.106408,0.107637
2184,0.106408,0.107652
2185,0.106474,0.107668
2186,0.106507,0.107683
2187,0.106507,0.107699
2188,0.106539,0.107714
2189,0.106572,0.107730
2190,0.106703,0.107745
2191,0.106703,0.107761
2192,0.106703,0.107776
2193,0.106736,0.107792
2194,0.106769,0.107807
2195,0.106769,0.107823
2196,0.106834,0.107838
2197,0.106867,0.107854
2198,0.106867,0.107869
2199,0.106900,0.107884
2200,0.106900,0.107900
2201,0.106933,0.107915
2202,0.106933,0.107931
2203,0.106933,0.107946
2204,0.106933,0.107961
2205,0.106933,0.107977
2206,0.106933,0.107992
2207,0.106966,0.108008
2208,0.106998,0.108023
2209,0.107031,0.108038
2210,0.107031,0.108054
2211,0.107031,0.108069
2212,0.107031,0.108084
2213,0.107031,0.108100
2214,0.107064,0.108115
2215,0.107064,0.108130
2216,0.107064,0.108146
2217,0.107064,0.108161
2218,0.107097,0.108176
2219,0.107129,0.108192
2220,0.107129,0.108207
2221,0.107129,0.108222
2222,0.107129,0.108238
2223,0.107129,0.108253
2224,0.107129,0.108268
2225,0.107162,0.108283
2226,0.107195,0.108299
2227,0.107228,0.108314
2228,0.107228,0.108329
2229,0.107228,0.108345
2230,0.107326,0.108360
2231,0.107326,0.108375
2232,0.107326,0.108390
2233,0.107359,0.108406
2234,0.107392,0.108421
2235,0.107392,0.108436
2236,0.107424,0.108451
2237,0.107424,0.108467
2238,0.107424,0.108482
2239,0.107490,0.108497
2240,0.107523,0.108512
2241,0.107523,0.108527
2242,0.107555,0.108543
2243,0.107555,0.108558
2244,0.107555,0.108573
2245,0.107555,0.108588
2246,0.107555,0.108603
2247,0.107621,0.108618
2248,0.107621,0.108633
2249,0.107621,0.108649
2250,0.107621,0.108664
2251,0.107654,0.108679
2252,0.107654,0.108694
2253,0.107687,0.108709
2254,0.107687,0.108724
2255,0.107687,0.108739
2256,0.107687,0.108754
2257,0.107687,0.108769
2258,0.107687,0.108784
2259,0.107687,0.108799
2260,0.107687,0.108814
2261,0.107687,0.108830
2262,0.107687,0.108845
2263,0.107719,0.108860
2264,0.107719,0.108875
2265,0.107719,0.108890
2266,0.107719,0.108905
2267,0.107719,0.108920
2268,0.107719,0.108935
2269,0.107719,0.108950
2270,0.107752,0.108965
2271,0.107752,0.108980
2272,0.107752,0.108995
2273,0.107785,0.109010
2274,0.107785,0.109025
2275,0.107785,0.109040
2276,0.107785,0.109054
2277,0.107818,0.109069
2278,0.107818,0.109084
2279,0.107850,0.109099
2280,0.107850,0.109114
2281,0.107850,0.109129
2282,0.107883,0.109144
2283,0.107883,0.109159
2284,0.107883,0.109174
2285,0.107883,0.109189
2286,0.107883,0.109204
2287,0.107916,0.109219
2288,0.107949,0.109234
2289,0.107949,0.109248
2290,0.107949,0.109263
2291,0.107949,0.109278
2292,0.107949,0.109293
2293,0.107949,0.109308
2294,0.107949,0.109323
2295,0.107949,0.109338
2296,0.107949,0.109353
2297,0.108014,0.109367
2298,0.108014,0.109382
2299,0.108014,0.109397
2300,0.108014,0.109412
2301,0.108014,0.109427
2302,0.108014,0.109441
2303,0.108014,0.109456
2304,0.108014,0.109471
2305,0.108014,0.109486
2306,0.108047,0.109501
2307,0.108047,0.109515
2308,0.108047,0.109530
2309,0.108080,0.109545
2310,0.108113,0.109560
2311,0.108113,0.109575
2312,0.108113,0.109589
2313,0.108113,0.109604
2314,0.108113,0.109619
2315,0.108113,0.109634
2316,0.108113,0.109648
2317,0.108113,0.109663
2318,0.108113,0.109678
2319,0.108113,0.109693
2320,0.108145,0.109707
2321,0.108178,0.109722
2322,0.108178,0.109737
2323,0.108178,0.109752
2324,0.108178,0.109766
2325,0.108178,0.109781
2326,0.108178,0.109796
2327,0.108211,0.109810
2328,0.108211,0.109825
2329,0.108211,0.109840
2330,0.108244,0.109855
2331,0.108244,0.109869
2332,0.108244,0.109884
2333,0.108244,0.109899
2334,0.108244,0.109913
2335,0.108342,0.109928
2336,0.108342,0.109943
2337,0.108342,0.109957
2338,0.108408,0.109972
2339,0.108408,0.109987
2340,0.108408,0.110001
2341,0.108408,0.110016
2342,0.108440,0.110031
2343,0.108440,0.110045
2344,0.108440,0.110060
2345,0.108440,0.110074
2346,0.108440,0.110089
2347,0.108440,0.110104
2348,0.108440,0.110118
2349,0.108440,0.110133
2350,0.108440,0.110147
2351,0.108440,0.110162
2352,0.108440,0.110177
2353,0.108473,0.110191
2354,0.108473,0.110206
2355,0.108473,0.110220
2356,0.108473,0.110235
2357,0.108506,0.110249
2358,0.108572,0.110264
2359,0.108572,0.110279
2360,0.108572,0.110293
2361,0.108572,0.110308
2362,0.108604,0.110322
2363,0.108604,0.110337
2364,0.108604,0.110351
2365,0.108604,0.110366
2366,0.108637,0.110380
2367,0.108735,0.110395
2368,0.108801,0.110410
2369,0.108801,0.110424
2370,0.108801,0.110439
2371,0.108834,0.110453
2372,0.108834,0.110468
2373,0.108867,0.110482
2374,0.108867,0.110497
2375,0.108899,0.110511
2376,0.108932,0.110526
2377,0.108932,0.110540
2378,0.108932,0.110555
2379,0.108932,0.110569
2380,0.108965,0.110584
2381,0.108965,0.110598
2382,0.109030,0.110612
2383,0.109063,0.110627
2384,0.109096,0.110641
2385,0.109096,0.110656
2386,0.109096,0.110670
2387,0.109194,0.110685
2388,0.109194,0.110699
2389,0.109194,0.110714
2390,0.109194,0.110728
2391,0.109227,0.110743
2392,0.109227,0.110757
2393,0.109227,0.110771
2394,0.109227,0.110786
2395,0.109227,0.110800
2396,0.109227,0.110815
2397,0.109227,0.110829
2398,0.109227,0.110843
2399,0.109260,0.110858
2400,0.109260,0.110872
2401,0.109260,0.110887
2402,0.109260,0.110901
2403,0.109293,0.110915
2404,0.109358,0.110930
2405,0.109358,0.110944
2406,0.109358,0.110959
2407,0.109358,0.110973
2408,0.109358,0.110987
2409,0.109358,0.111002
2410,0.109358,0.111016
2411,0.109358,0.111030
2412,0.109358,0.111045
2413,0.109358,0.111059
2414,0.109358,0.111073
2415,0.109358,0.111088
2416,0.109358,0.111102
2417,0.109358,0.111116
2418,0.109391,0.111131
2419,0.109391,0.111145
2420,0.109391,0.111159
2421,0.109391,0.111173
2422,0.109391,0.111188
2423,0.109391,0.111202
2424,0.109391,0.111216
2425,0.109424,0.111231
2426,0.109424,0.111245
2427,0.109424,0.111259
2428,0.109424,0.111274
2429,0.109489,0.111288
2430,0.109489,0.111302
2431,0.109522,0.111316
2432,0.109522,0.111331
2433,0.109522,0.111345
2434,0.109522,0.111359
2435,0.109555,0.111373
2436,0.109555,0.111387
2437,0.109621,0.111402
2438,0.109621,0.111416
2439,0.109621,0.111430
2440,0.109621,0.111444
2441,0.109621,0.111458
2442,0.109621,0.111473
2443,0.109621,0.111487
2444,0.109621,0.111501
2445,0.109621,0.111515
2446,0.109621,0.111529
2447,0.109621,0.111544
2448,0.109653,0.111558
2449,0.109719,0.111572
2450,0.109719,0.111586
2451,0.109719,0.111600
2452,0.109719,0.111614
2453,0.109719,0.111628
2454,0.109719,0.111643
2455,0.109719,0.111657
2456,0.109719,0.111671
2457,0.109719,0.111685
2458,0.109719,0.111699
2459,0.109752,0.111713
2460,0.109784,0.111727
2461,0.109784,0.111741
2462,0.109817,0.111755
2463,0.109850,0.111769
2464,0.109850,0.111783
2465,0.109850,0.111797
2466,0.109850,0.111811
2467,0.109850,0.111826
2468,0.109850,0.111840
2469,0.109850,0.111854
2470,0.109850,0.111868
2471,0.109850,0.111882
2472,0.109850,0.111896
2473,0.109883,0.111910
2474,0.109883,0.111924
2475,0.109883,0.111938
2476,0.109883,0.111952
2477,0.109883,0.111966
2478,0.109883,0.111980
2479,0.109883,0.111994
2480,0.109883,0.112008
2481,0.109916,0.112022
2482,0.109916,0.112036
2483,0.109916,0.112050
2484,0.109916,0.112064
2485,0.109916,0.112078
2486,0.109916,0.112092
2487,0.109916,0.112105
2488,0.109948,0.112119
2489,0.109948,0.112133
2490,0.109948,0.112147
2491,0.109948,0.112161
2492,0.109981,0.112175
2493,0.109981,0.112189
2494,0.109981,0.112203
2495,0.109981,0.112217
2496,0.110014,0.112231
2497,0.110047,0.112245
2498,0.110080,0.112259
2499,0.110080,0.112272
2500,0.110080,0.112286
2501,0.110080,0.112300
2502,0.110080,0.112314
2503,0.110112,0.112328
2504,0.110112,0.112342
2505,0.110112,0.112356
2506,0.110112,0.112370
2507,0.110145,0.112383
2508,0.110145,0.112397
2509,0.110145,0.112411
2510,0.110145,0.112425
2511,0.110178,0.112439
2512,0.110178,0.112453
2513,0.110243,0.112467
2514,0.110243,0.112480
2515,0.110243,0.112494
2516,0.110276,0.112508
2517,0.110276,0.112522
2518,0.110276,0.112536
2519,0.110309,0.112549
2520,0.110375,0.112563
2521,0.110375,0.112577
2522,0.110407,0.112591
2523,0.110407,0.112605
2524,0.110407,0.112618
2525,0.110407,0.112632
2526,0.110407,0.112646
2527,0.110440,0.112660
2528,0.110440,0.112674
2529,0.110440,0.112687
2530,0.110440,0.112701
2531,0.110440,0.112715
2532,0.110440,0.112729
2533,0.110440,0.112742
2534,0.110440,0.112756
2535,0.110506,0.112770
2536,0.110539,0.112784
2537,0.110571,0.112797
2538,0.110571,0.112811
2539,0.110571,0.112825
2540,0.110571,0.112839
2541,0.110604,0.112852
2542,0.110604,0.112866
2543,0.110604,0.112880
2544,0.110637,0.112893
2545,0.110637,0.112907
2546,0.110637,0.112921
2547,0.110637,0.112934
2548,0.110670,0.112948
2549,0.110670,0.112962
2550,0.110702,0.112976
2551,0.110702,0.112989
2552,0.110702,0.113003
2553,0.110702,0.113017
2554,0.110702,0.113030
2555,0.110702,0.113044
2556,0.110735,0.113058
2557,0.110735,0.113071
2558,0.110735,0.113085
2559,0.110735,0.113099
2560,0.110735,0.113112
2561,0.110768,0.113126
2562,0.110801,0.113139
2563,0.110834,0.113153
2564,0.110834,0.113167
2565,0.110834,0.113180
2566,0.110866,0.113194
2567,0.110899,0.113208
2568,0.110899,0.113221
2569,0.110899,0.113235
2570,0.110899,0.113248
2571,0.110899,0.113262
2572,0.110932,0.113276
2573,0.110965,0.113289
2574,0.110965,0.113303
2575,0.110965,0.113316
2576,0.110965,0.113330
2577,0.110965,0.113344
2578,0.110998,0.113357
2579,0.111030,0.113371
2580,0.111030,0.113384
2581,0.111030,0.113398
2582,0.111063,0.113412
2583,0.111063,0.113425
2584,0.111063,0.113439
2585,0.111129,0.113452
2586,0.111129,0.113466
2587,0.111161,0.113479
2588,0.111161,0.113493
2589,0.111161,0.113506
2590,0.111227,0.113520
2591,0.111227,0.113534
2592,0.111227,0.113547
2593,0.111227,0.113561
2594,0.111260,0.113574
2595,0.111260,0.113588
2596,0.111293,0.113601
2597,0.111325,0.113615
2598,0.111325,0.113628
2599,0.111391,0.113642
2600,0.111457,0.113655
2601,0.111457,0.113669
2602,0.111457,0.113682
2603,0.111489,0.113696
2604,0.111489,0.113709
2605,0.111489,0.113723
2606,0.111489,0.113736
2607,0.111489,0.113750
2608,0.111489,0.113763
2609,0.111489,0.113777
2610,0.111489,0.113790
2611,0.111489,0.113804
2612,0.111489,0.113817
2613,0.111522,0.113831
2614,0.111555,0.113844
2615,0.111555,0.113858
2616,0.111555,0.113871
2617,0.111588,0.113885
2618,0.111588,0.113898
2619,0.111588,0.113911
2620,0.111588,0.113925
2621,0.111588,0.113938
2622,0.111588,0.113952
2623,0.111588,0.113965
2624,0.111621,0.113979
2625,0.111621,0.113992
2626,0.111621,0.114006
2627,0.111621,0.114019
2628,0.111621,0.114032
2629,0.111621,0.114046
2630,0.111621,0.114059
2631,0.111621,0.114073
2632,0.111621,0.114086
2633,0.111653,0.114099
2634,0.111653,0.114113
2635,0.111719,0.114126
2636,0.111752,0.114140
2637,0.111752,0.114153
2638,0.111752,0.114166
2639,0.111817,0.114180
2640,0.111850,0.114193
2641,0.111850,0.114206
2642,0.111850,0.114220
2643,0.111850,0.114233
2644,0.111883,0.114246
2645,0.111916,0.114260
2646,0.111916,0.114273
2647,0.111916,0.114286
2648,0.111916,0.114300
2649,0.111916,0.114313
2650,0.111916,0.114326
2651,0.111948,0.114340
2652,0.111948,0.114353
2653,0.111948,0.114366
2654,0.111981,0.114380
2655,0.112014,0.114393
2656,0.112047,0.114406
2657,0.112080,0.114420
2658,0.112080,0.114433
2659,0.112080,0.114446
2660,0.112080,0.114459
2661,0.112080,0.114473
2662,0.112080,0.114486
2663,0.112080,0.114499
2664,0.112145,0.114513
2665,0.112145,0.114526
2666,0.112145,0.114539
2667,0.112178,0.114552
2668,0.112178,0.114566
2669,0.112211,0.114579
2670,0.112211,0.114592
2671,0.112211,0.114605
2672,0.112211,0.114619
2673,0.112211,0.114632
2674,0.112211,0.114645
2675,0.112244,0.114658
2676,0.112244,0.114672
2677,0.112244,0.114685
2678,0.112244,0.114698
2679,0.112276,0.114711
2680,0.112276,0.114724
2681,0.112276,0.114738
2682,0.112342,0.114751
2683,0.112408,0.114764
2684,0.112440,0.114777
2685,0.112440,0.114790
2686,0.112473,0.114804
2687,0.112473,0.114817
2688,0.112506,0.114830
2689,0.112506,0.114843
2690,0.112539,0.114856
2691,0.112539,0.114869
2692,0.112571,0.114882
2693,0.112571,0.114896
2694,0.112571,0.114909
2695,0.112571,0.114922
2696,0.112571,0.114935
2697,0.112571,0.114948
2698,0.112571,0.114961
2699,0.112604,0.114974
2700,0.112604,0.114988
2701,0.112604,0.115001
2702,0.112604,0.115014
2703,0.112670,0.115027
2704,0.112670,0.115040
2705,0.112670,0.115053
2706,0.112670,0.115066
2707,0.112670,0.115079
2708,0.112703,0.115092
2709,0.112703,0.115105
2710,0.112735,0.115118
2711,0.112768,0.115131
2712,0.112801,0.115145
2713,0.112801,0.115158
2714,0.112801,0.115171
2715,0.112801,0.115184
2716,0.112801,0.115197
2717,0.112801,0.115210
2718,0.112801,0.115223
2719,0.112801,0.115236
2720,0.112801,0.115249
2721,0.112801,0.115262
2722,0.112801,0.115275
2723,0.112801,0.115288
2724,0.112801,0.115301
2725,0.112801,0.115314
2726,0.112801,0.115327
2727,0.112801,0.115340
2728,0.112867,0.115353
2729,0.112867,0.115366
2730,0.112867,0.115379
2731,0.112899,0.115392
2732,0.112899,0.115404
2733,0.112899,0.115417
2734,0.112899,0.115430
2735,0.112932,0.115443
2736,0.112965,0.115456
2737,0.112965,0.115469
2738,0.112965,0.115482
2739,0.113031,0.115495
2740,0.113031,0.115508
2741,0.113031,0.115521
2742,0.113063,0.115534
2743,0.113096,0.115547
2744,0.113096,0.115560
2745,0.113096,0.115573
2746,0.113162,0.115586
2747,0.113162,0.115598
2748,0.113227,0.115611
2749,0.113260,0.115624
2750,0.113293,0.115637
2751,0.113293,0.115650
2752,0.113293,0.115663
2753,0.113293,0.115676
2754,0.113326,0.115689
2755,0.113359,0.115701
2756,0.113359,0.115714
2757,0.113359,0.115727
2758,0.113359,0.115740
2759,0.113359,0.115753
2760,0.113359,0.115766
2761,0.113359,0.115779
2762,0.113359,0.115792
2763,0.113391,0.115804
2764,0.113424,0.115817
2765,0.113457,0.115830
2766,0.113457,0.115843
2767,0.113457,0.115856
2768,0.113523,0.115869
2769,0.113555,0.115881
2770,0.113687,0.115894
2771,0.113687,0.115907
2772,0.113719,0.115920
2773,0.113752,0.115933
2774,0.113785,0.115946
2775,0.113785,0.115958
2776,0.113785,0.115971
2777,0.113785,0.115984
2778,0.113785,0.115997
2779,0.113785,0.116010
2780,0.113785,0.116022
2781,0.113818,0.116035
2782,0.113851,0.116048
2783,0.113851,0.116061
2784,0.113851,0.116073
2785,0.113883,0.116086
2786,0.113916,0.116099
2787,0.113916,0.116112
2788,0.113949,0.116124
2789,0.113982,0.116137
2790,0.113982,0.116150
2791,0.113982,0.116163
2792,0.113982,0.116175
2793,0.114047,0.116188
2794,0.114080,0.116201
2795,0.114080,0.116213
2796,0.114080,0.116226
2797,0.114080,0.116239
2798,0.114113,0.116252
2799,0.114113,0.116264
2800,0.114113,0.116277
2801,0.114113,0.116290
2802,0.114113,0.116302
2803,0.114113,0.116315
2804,0.114146,0.116328
2805,0.114146,0.116340
2806,0.114211,0.116353
2807,0.114244,0.116366
2808,0.114277,0.116378
2809,0.114277,0.116391
2810,0.114277,0.116404
2811,0.114277,0.116416
2812,0.114277,0.116429
2813,0.114277,0.116442
2814,0.114277,0.116454
2815,0.114277,0.116467
2816,0.114277,0.116480
2817,0.114277,0.116492
2818,0.114310,0.116505
2819,0.114310,0.116517
2820,0.114310,0.116530
2821,0.114343,0.116543
2822,0.114343,0.116555
2823,0.114343,0.116568
2824,0.114343,0.116580
2825,0.114375,0.116593
2826,0.114375,0.116605
2827,0.114474,0.116618
2828,0.114474,0.116631
2829,0.114507,0.116643
2830,0.114539,0.116656
2831,0.114539,0.116668
2832,0.114572,0.116681
2833,0.114572,0.116693
2834,0.114605,0.116706
2835,0.114605,0.116718
2836,0.114605,0.116731
2837,0.114638,0.116744
2838,0.114671,0.116756
2839,0.114703,0.116769
2840,0.114703,0.116781
2841,0.114703,0.116794
2842,0.114736,0.116806
2843,0.114736,0.116819
2844,0.114736,0.116831
2845,0.114736,0.116844
2846,0.114736,0.116856
2847,0.114769,0.116869
2848,0.114769,0.116881
2849,0.114802,0.116894
2850,0.114802,0.116906
2851,0.114867,0.116919
2852,0.114867,0.116932
2853,0.114867,0.116944
2854,0.114867,0.116957
2855,0.114900,0.116969
2856,0.114900,0.116982
2857,0.114900,0.116994
2858,0.114933,0.117006
2859,0.114933,0.117019
2860,0.114966,0.117031
2861,0.114966,0.117044
2862,0.114999,0.117056
2863,0.115031,0.117069
2864,0.115031,0.117081
2865,0.115097,0.117094
2866,0.115195,0.117106
2867,0.115195,0.117119
2868,0.115228,0.117131
2869,0.115228,0.117144
2870,0.115294,0.117156
2871,0.115294,0.117168
2872,0.115294,0.117181
2873,0.115294,0.117193
2874,0.115294,0.117206
2875,0.115294,0.117218
2876,0.115294,0.117230
2877,0.115294,0.117243
2878,0.115294,0.117255
2879,0.115294,0.117267
2880,0.115294,0.117280
2881,0.115294,0.117292
2882,0.115294,0.117305
2883,0.115294,0.117317
2884,0.115327,0.117329
2885,0.115327,0.117342
2886,0.115359,0.117354
2887,0.115392,0.117366
2888,0.115392,0.117379
2889,0.115392,0.117391
2890,0.115392,0.117403
2891,0.115392,0.117416
2892,0.115392,0.117428
2893,0.115425,0.117440
2894,0.115425,0.117453
2895,0.115458,0.117465
2896,0.115458,0.117477
2897,0.115458,0.117490
2898,0.115491,0.117502
2899,0.115491,0.117514
2900,0.115491,0.117527
2901,0.115491,0.117539
2902,0.115491,0.117551
2903,0.115523,0.117564
2904,0.115523,0.117576
2905,0.115523,0.117588
2906,0.115523,0.117601
2907,0.115556,0.117613
2908,0.115556,0.117625
2909,0.115589,0.117637
2910,0.115589,0.117650
2911,0.115589,0.117662
2912,0.115589,0.117674
2913,0.115589,0.117686
2914,0.115589,0.117699
2915,0.115589,0.117711
2916,0.115589,0.117723
2917,0.115622,0.117735
2918,0.115622,0.117748
2919,0.115687,0.117760
2920,0.115687,0.117772
2921,0.115687,0.117784
2922,0.115687,0.117797
2923,0.115687,0.117809
2924,0.115687,0.117821
2925,0.115687,0.117833
2926,0.115720,0.117846
2927,0.115720,0.117858
2928,0.115720,0.117870
2929,0.115720,0.117882
2930,0.115753,0.117894
2931,0.115753,0.117907
2932,0.115753,0.117919
2933,0.115753,0.117931
2934,0.115753,0.117943
2935,0.115753,0.117955
2936,0.115786,0.117968
2937,0.115786,0.117980
2938,0.115851,0.117992
2939,0.115851,0.118004
2940,0.115917,0.118016
2941,0.115917,0.118029
2942,0.115917,0.118041
2943,0.115950,0.118053
2944,0.115983,0.118065
2945,0.116015,0.118077
2946,0.116048,0.118089
2947,0.116081,0.118102
2948,0.116114,0.118114
2949,0.116114,0.118126
2950,0.116114,0.118138
2951,0.116114,0.118150
2952,0.116114,0.118162
2953,0.116114,0.118174
2954,0.116114,0.118187
2955,0.116114,0.118199
2956,0.116114,0.118211
2957,0.116114,0.118223
2958,0.116114,0.118235
2959,0.116114,0.118247
2960,0.116114,0.118259
2961,0.116114,0.118272
2962,0.116114,0.118284
2963,0.116114,0.118296
2964,0.116114,0.118308
2965,0.116114,0.118320
2966,0.116114,0.118332
2967,0.116114,0.118344
2968,0.116114,0.118356
2969,0.116147,0.118369
2970,0.116179,0.118381
2971,0.116212,0.118393
2972,0.116212,0.118405
2973,0.116212,0.118417
2974,0.116212,0.118429
2975,0.116212,0.118441
2976,0.116212,0.118453
2977,0.116245,0.118465
2978,0.116245,0.118477
2979,0.116278,0.118489
2980,0.116278,0.118502
2981,0.116278,0.118514
2982,0.116311,0.118526
2983,0.116311,0.118538
2984,0.116343,0.118550
2985,0.116376,0.118562
2986,0.116442,0.118574
2987,0.116442,0.118586
2988,0.116442,0.118598
2989,0.116442,0.118610
2990,0.116475,0.118622
2991,0.116475,0.118634
2992,0.116475,0.118646
2993,0.116540,0.118658
2994,0.116540,0.118670
2995,0.116540,0.118682
2996,0.116540,0.118694
2997,0.116540,0.118706
2998,0.116540,0.118718
2999,0.116540,0.118730
3000,0.116540,0.118742
3001,0.116573,0.118754
3002,0.116606,0.118766
3003,0.116606,0.118778
3004,0.116639,0.118790
3005,0.116639,0.118802
3006,0.116639,0.118814
3007,0.116672,0.118826
3008,0.116704,0.118838
3009,0.116737,0.118850
3010,0.116770,0.118862
3011,0.116770,0.118874
3012,0.116770,0.118886
3013,0.116803,0.118898
3014,0.116803,0.118910
3015,0.116836,0.118922
3016,0.116836,0.118934
3017,0.116901,0.118946
3018,0.116901,0.118958
3019,0.116901,0.118970
3020,0.116901,0.118982
3021,0.116901,0.118994
3022,0.116934,0.119006
3023,0.116967,0.119018
3024,0.116967,0.119030
3025,0.117032,0.119042
3026,0.117065,0.119054
3027,0.117065,0.119066
3028,0.117065,0.119078
3029,0.117098,0.119090
3030,0.117098,0.119102
3031,0.117098,0.119113
3032,0.117098,0.119125
3033,0.117131,0.119137
3034,0.117164,0.119149
3035,0.117196,0.119161
3036,0.117262,0.119173
3037,0.117262,0.119185
3038,0.117262,0.119197
3039,0.117262,0.119209
3040,0.117295,0.119221
3041,0.117295,0.119232
3042,0.117295,0.119244
3043,0.117328,0.119256
3044,0.117328,0.119268
3045,0.117361,0.119280
3046,0.117361,0.119292
3047,0.117361,0.119304
3048,0.117361,0.119315
3049,0.117361,0.119327
3050,0.117361,0.119339
3051,0.117361,0.119351
3052,0.117393,0.119363
3053,0.117393,0.119375
3054,0.117459,0.119386
3055,0.117459,0.119398
3056,0.117459,0.119410
3057,0.117459,0.119422
3058,0.117492,0.119434
3059,0.117492,0.119446
3060,0.117525,0.119457
3061,0.117525,0.119469
3062,0.117557,0.119481
3063,0.117557,0.119493
3064,0.117557,0.119505
3065,0.117557,0.119516
3066,0.117557,0.119528
3067,0.117590,0.119540
3068,0.117590,0.119552
3069,0.117656,0.119564
3070,0.117656,0.119575
3071,0.117656,0.119587
3072,0.117656,0.119599
3073,0.117656,0.119611
3074,0.117689,0.119622
3075,0.117721,0.119634
3076,0.117721,0.119646
3077,0.117721,0.119658
3078,0.117754,0.119670
3079,0.117820,0.119681
3080,0.117820,0.119693
3081,0.117820,0.119705
3082,0.117820,0.119717
3083,0.117820,0.119728
3084,0.117820,0.119740
3085,0.117853,0.119752
3086,0.117853,0.119764
3087,0.117853,0.119775
3088,0.117853,0.119787
3089,0.117918,0.119799
3090,0.117951,0.119811
3091,0.117984,0.119822
3092,0.117984,0.119834
3093,0.117984,0.119846
3094,0.118017,0.119858
3095,0.118050,0.119869
3096,0.118050,0.119881
3097,0.118082,0.119893
3098,0.118082,0.119904
3099,0.118082,0.119916
3100,0.118082,0.119928
3101,0.118082,0.119940
3102,0.118082,0.119951
3103,0.118082,0.119963
3104,0.118115,0.119975
3105,0.118148,0.119986
3106,0.118148,0.119998
3107,0.118181,0.120010
3108,0.118181,0.120022
3109,0.118181,0.120033
3110,0.118181,0.120045
3111,0.118214,0.120057
3112,0.118214,0.120068
3113,0.118246,0.120080
3114,0.118279,0.120092
3115,0.118312,0.120103
3116,0.118312,0.120115
3117,0.118312,0.120127
3118,0.118345,0.120138
3119,0.118378,0.120150
3120,0.118378,0.120162
3121,0.118378,0.120173
3122,0.118378,0.120185
3123,0.118378,0.120197
3124,0.118410,0.120208
3125,0.118410,0.120220
3126,0.118443,0.120231
3127,0.118542,0.120243
3128,0.118542,0.120255
3129,0.118542,0.120266
3130,0.118542,0.120278
3131,0.118542,0.120289
3132,0.118575,0.120301
3133,0.118607,0.120313
3134,0.118607,0.120324
3135,0.118640,0.120336
3136,0.118640,0.120347
3137,0.118640,0.120359
3138,0.118640,0.120371
3139,0.118706,0.120382
3140,0.118739,0.120394
3141,0.118739,0.120405
3142,0.118739,0.120417
3143,0.118739,0.120428
3144,0.118739,0.120440
3145,0.118739,0.120452
3146,0.118771,0.120463
3147,0.118771,0.120475
3148,0.118771,0.120486
3149,0.118771,0.120498
3150,0.118771,0.120509
3151,0.118870,0.120521
3152,0.118903,0.120532
3153,0.118903,0.120544
3154,0.118903,0.120555
3155,0.118935,0.120567
3156,0.118935,0.120578
3157,0.118935,0.120590
3158,0.118935,0.120602
3159,0.118968,0.120613
3160,0.118968,0.120625
3161,0.119001,0.120636
3162,0.119001,0.120648
3163,0.119034,0.120659
3164,0.119034,0.120671
3165,0.119067,0.120682
3166,0.119067,0.120694
3167,0.119100,0.120705
3168,0.119100,0.120717
3169,0.119100,0.120728
3170,0.119100,0.120739
3171,0.119100,0.120751
3172,0.119100,0.120762
3173,0.119100,0.120774
3174,0.119132,0.120785
3175,0.119165,0.120797
3176,0.119165,0.120808
3177,0.119198,0.120820
3178,0.119198,0.120831
3179,0.119231,0.120843
3180,0.119231,0.120854
3181,0.119264,0.120866
3182,0.119264,0.120877
3183,0.119296,0.120889
3184,0.119329,0.120900
3185,0.119329,0.120911
3186,0.119329,0.120923
3187,0.119329,0.120934
3188,0.119329,0.120946
3189,0.119329,0.120957
3190,0.119329,0.120969
3191,0.119329,0.120980
3192,0.119362,0.120991
3193,0.119395,0.121003
3194,0.119395,0.121014
3195,0.119395,0.121026
3196,0.119395,0.121037
3197,0.119395,0.121048
3198,0.119395,0.121060
3199,0.119395,0.121071
3200,0.119428,0.121083
3201,0.119461,0.121094
3202,0.119461,0.121105
3203,0.119461,0.121117
3204,0.119461,0.121128
3205,0.119461,0.121140
3206,0.119461,0.121151
3207,0.119461,0.121162
3208,0.119493,0.121174
3209,0.119526,0.121185
3210,0.119526,0.121196
3211,0.119526,0.121208
3212,0.119526,0.121219
3213,0.119559,0.121231
3214,0.119559,0.121242
3215,0.119559,0.121253
3216,0.119559,0.121265
3217,0.119592,0.121276
3218,0.119657,0.121287
3219,0.119657,0.121299
3220,0.119657,0.121310
3221,0.119690,0.121321
3222,0.119723,0.121333
3223,0.119723,0.121344
3224,0.119723,0.121355
3225,0.119756,0.121367
3226,0.119756,0.121378
3227,0.119756,0.121389
3228,0.119756,0.121400
3229,0.119756,0.121412
3230,0.119756,0.121423
3231,0.119789,0.121434
3232,0.119789,0.121446
3233,0.119789,0.121457
3234,0.119789,0.121468
3235,0.119789,0.121480
3236,0.119789,0.121491
3237,0.119789,0.121502
3238,0.119789,0.121513
3239,0.119854,0.121525
3240,0.119887,0.121536
3241,0.119887,0.121547
3242,0.119887,0.121559
3243,0.119887,0.121570
3244,0.119887,0.121581
3245,0.119887,0.121592
3246,0.119887,0.121604
3247,0.119887,0.121615
3248,0.119920,0.121626
3249,0.119920,0.121637
3250,0.119953,0.121649
3251,0.119953,0.121660
3252,0.119953,0.121671
3253,0.119986,0.121682
3254,0.119986,0.121694
3255,0.119986,0.121705
3256,0.120051,0.121716
3257,0.120084,0.121727
3258,0.120117,0.121739
3259,0.120117,0.121750
3260,0.120117,0.121761
3261,0.120117,0.121772
3262,0.120117,0.121783
3263,0.120117,0.121795
3264,0.120117,0.121806
3265,0.120117,0.121817
3266,0.120117,0.121828
3267,0.120117,0.121840
3268,0.120117,0.121851
3269,0.120117,0.121862
3270,0.120117,0.121873
3271,0.120117,0.121884
3272,0.120117,0.121896
3273,0.120117,0.121907
3274,0.120150,0.121918
3275,0.120183,0.121929
3276,0.120183,0.121940
3277,0.120183,0.121952
3278,0.120215,0.121963
3279,0.120215,0.121974
3280,0.120248,0.121985
3281,0.120248,0.121996
3282,0.120248,0.122008
3283,0.120248,0.122019
3284,0.120248,0.122030
3285,0.120281,0.122041
3286,0.120314,0.122052
3287,0.120314,0.122063
3288,0.120314,0.122075
3289,0.120314,0.122086
3290,0.120314,0.122097
3291,0.120314,0.122108
3292,0.120347,0.122119
3293,0.120347,0.122130
3294,0.120379,0.122142
3295,0.120379,0.122153
3296,0.120379,0.122164
3297,0.120379,0.122175
3298,0.120412,0.122186
3299,0.120445,0.122197
3300,0.120445,0.122209
3301,0.120445,0.122220
3302,0.120445,0.122231
3303,0.120478,0.122242
3304,0.120478,0.122253
3305,0.120478,0.122264
3306,0.120478,0.122275
3307,0.120511,0.122286
3308,0.120576,0.122298
3309,0.120576,0.122309
3310,0.120609,0.122320
3311,0.120642,0.122331
3312,0.120642,0.122342
3313,0.120708,0.122353
3314,0.120708,0.122364
3315,0.120708,0.122375
3316,0.120708,0.122386
3317,0.120708,0.122397
3318,0.120708,0.122409
3319,0.120708,0.122420
3320,0.120708,0.122431
3321,0.120740,0.122442
3322,0.120740,0.122453
3323,0.120740,0.122464
3324,0.120740,0.122475
3325,0.120740,0.122486
3326,0.120740,0.122497
3327,0.120740,0.122508
3328,0.120806,0.122519
3329,0.120839,0.122530
3330,0.120839,0.122541
3331,0.120839,0.122552
3332,0.120839,0.122563
3333,0.120839,0.122574
3334,0.120839,0.122585
3335,0.120905,0.122596
3336,0.120905,0.122607
3337,0.120905,0.122618
3338,0.120905,0.122629
3339,0.120905,0.122641
3340,0.120937,0.122652
3341,0.120937,0.122663
3342,0.120970,0.122674
3343,0.121003,0.122685
3344,0.121036,0.122696
3345,0.121036,0.122707
3346,0.121036,0.122718
3347,0.121101,0.122729
3348,0.121134,0.122740
3349,0.121167,0.122751
3350,0.121233,0.122762
3351,0.121233,0.122773
3352,0.121233,0.122784
3353,0.121233,0.122795
3354,0.121266,0.122806
3355,0.121266,0.122817
3356,0.121266,0.122828
3357,0.121266,0.122838
3358,0.121298,0.122849
3359,0.121331,0.122860
3360,0.121364,0.122871
3361,0.121364,0.122882
3362,0.121397,0.122893
3363,0.121397,0.122904
3364,0.121430,0.122915
3365,0.121463,0.122926
3366,0.121495,0.122937
3367,0.121495,0.122948
3368,0.121495,0.122959
3369,0.121495,0.122970
3370,0.121495,0.122981
3371,0.121495,0.122992
3372,0.121495,0.123003
3373,0.121495,0.123013
3374,0.121561,0.123024
3375,0.121561,0.123035
3376,0.121561,0.123046
3377,0.121561,0.123057
3378,0.121594,0.123068
3379,0.121627,0.123079
3380,0.121627,0.123090
3381,0.121627,0.123101
3382,0.121659,0.123111
3383,0.121725,0.123122
3384,0.121725,0.123133
3385,0.121725,0.123144
3386,0.121758,0.123155
3387,0.121758,0.123166
3388,0.121758,0.123177
3389,0.121758,0.123187
3390,0.121758,0.123198
3391,0.121758,0.123209
3392,0.121758,0.123220
3393,0.121791,0.123231
3394,0.121791,0.123242
3395,0.121791,0.123252
3396,0.121856,0.123263
3397,0.121856,0.123274
3398,0.121856,0.123285
3399,0.121856,0.123296
3400,0.121856,0.123307
3401,0.121889,0.123317
3402,0.121922,0.123328
3403,0.121922,0.123339
3404,0.121955,0.123350
3405,0.121955,0.123361
3406,0.121955,0.123371
3407,0.121955,0.123382
3408,0.121988,0.123393
3409,0.122021,0.123404
3410,0.122053,0.123415
3411,0.122053,0.123425
3412,0.122053,0.123436
3413,0.122086,0.123447
3414,0.122086,0.123458
3415,0.122152,0.123468
3416,0.122217,0.123479
3417,0.122217,0.123490
3418,0.122250,0.123501
3419,0.122250,0.123511
3420,0.122250,0.123522
3421,0.122283,0.123533
3422,0.122349,0.123544
3423,0.122349,0.123555
3424,0.122349,0.123565
3425,0.122349,0.123576
3426,0.122349,0.123587
3427,0.122349,0.123597
3428,0.122349,0.123608
3429,0.122382,0.123619
3430,0.122382,0.123630
3431,0.122382,0.123640
3432,0.122382,0.123651
3433,0.122382,0.123662
3434,0.122382,0.123673
3435,0.122382,0.123683
3436,0.122414,0.123694
3437,0.122513,0.123705
3438,0.122513,0.123716
3439,0.122513,0.123726
3440,0.122513,0.123737
3441,0.122579,0.123748
3442,0.122579,0.123758
3443,0.122579,0.123769
3444,0.122579,0.123780
3445,0.122611,0.123791
3446,0.122611,0.123801
3447,0.122644,0.123812
3448,0.122677,0.123823
3449,0.122710,0.123833
3450,0.122743,0.123844
3451,0.122743,0.123855
3452,0.122743,0.123865
3453,0.122743,0.123876
3454,0.122775,0.123887
3455,0.122775,0.123897
3456,0.122775,0.123908
3457,0.122775,0.123919
3458,0.122775,0.123929
3459,0.122775,0.123940
3460,0.122775,0.123951
3461,0.122775,0.123961
3462,0.122775,0.123972
3463,0.122775,0.123983
3464,0.122775,0.123993
3465,0.122775,0.124004
3466,0.122808,0.124015
3467,0.122808,0.124025
3468,0.122874,0.124036
3469,0.122907,0.124047
3470,0.122907,0.124057
3471,0.122907,0.124068
3472,0.122907,0.124078
3473,0.122907,0.124089
3474,0.122940,0.124100
3475,0.122972,0.124110
3476,0.122972,0.124121
3477,0.122972,0.124132
3478,0.122972,0.124142
3479,0.122972,0.124153
3480,0.122972,0.124163
3481,0.122972,0.124174
3482,0.122972,0.124185
3483,0.122972,0.124195
3484,0.123005,0.124206
3485,0.123005,0.124216
3486,0.123005,0.124227
3487,0.123005,0.124237
3488,0.123005,0.124248
3489,0.123038,0.124259
3490,0.123038,0.124269
3491,0.123104,0.124280
3492,0.123104,0.124290
3493,0.123104,0.124301
3494,0.123104,0.124311
3495,0.123104,0.124322
3496,0.123104,0.124333
3497,0.123104,0.124343
3498,0.123104,0.124354
3499,0.123104,0.124364
3500,0.123104,0.124375
3501,0.123169,0.124385
3502,0.123169,0.124396
3503,0.123202,0.124406
3504,0.123202,0.124417
3505,0.123202,0.124427
3506,0.123202,0.124438
3507,0.123202,0.124448
3508,0.123202,0.124459
3509,0.123202,0.124470
3510,0.123202,0.124480
3511,0.123268,0.124491
3512,0.123268,0.124501
3513,0.123268,0.124512
3514,0.123268,0.124522
3515,0.123301,0.124533
3516,0.123301,0.124543
3517,0.123366,0.124554
3518,0.123366,0.124564
3519,0.123366,0.124574
3520,0.123366,0.124585
3521,0.123366,0.124595
3522,0.123366,0.124606
3523,0.123366,0.124616
3524,0.123366,0.124627
3525,0.123366,0.124637
3526,0.123366,0.124648
3527,0.123366,0.124658
3528,0.123399,0.124669
3529,0.123399,0.124679
3530,0.123399,0.124690
3531,0.123399,0.124700
3532,0.123399,0.124711
3533,0.123432,0.124721
3534,0.123432,0.124731
3535,0.123432,0.124742
3536,0.123432,0.124752
3537,0.123432,0.124763
3538,0.123432,0.124773
3539,0.123432,0.124784
3540,0.123432,0.124794
3541,0.123432,0.124805
3542,0.123432,0.124815
3543,0.123432,0.124825
3544,0.123465,0.124836
3545,0.123465,0.124846
3546,0.123465,0.124857
3547,0.123465,0.124867
3548,0.123465,0.124878
3549,0.123465,0.124888
3550,0.123465,0.124898
3551,0.123465,0.124909
3552,0.123465,0.124919
3553,0.123465,0.124929
3554,0.123465,0.124940
3555,0.123465,0.124950
3556,0.123465,0.124961
3557,0.123498,0.124971
3558,0.123498,0.124981
3559,0.123531,0.124992
3560,0.123531,0.125002
3561,0.123563,0.125013
3562,0.123563,0.125023
3563,0.123563,0.125033
3564,0.123662,0.125044
3565,0.123662,0.125054
3566,0.123662,0.125064
3567,0.123662,0.125075
3568,0.123662,0.125085
3569,0.123662,0.125095
3570,0.123662,0.125106
3571,0.123662,0.125116
3572,0.123695,0.125126
3573,0.123695,0.125137
3574,0.123695,0.125147
3575,0.123728,0.125157
3576,0.123728,0.125168
3577,0.123728,0.125178
3578,0.123728,0.125188
3579,0.123728,0.125199
3580,0.123728,0.125209
3581,0.123760,0.125219
3582,0.123760,0.125230
3583,0.123793,0.125240
3584,0.123826,0.125250
3585,0.123826,0.125260
3586,0.123859,0.125271
3587,0.123859,0.125281
3588,0.123859,0.125291
3589,0.123892,0.125302
3590,0.123892,0.125312
3591,0.123924,0.125322
3592,0.123924,0.125333
3593,0.123957,0.125343
3594,0.123957,0.125353
3595,0.123957,0.125363
3596,0.123990,0.125374
3597,0.123990,0.125384
3598,0.123990,0.125394
3599,0.124023,0.125404
3600,0.124023,0.125415
3601,0.124023,0.125425
3602,0.124056,0.125435
3603,0.124056,0.125446
3604,0.124056,0.125456
3605,0.124056,0.125466
3606,0.124089,0.125476
3607,0.124089,0.125487
3608,0.124089,0.125497
3609,0.124121,0.125507
3610,0.124121,0.125517
3611,0.124187,0.125528
3612,0.124220,0.125538
3613,0.124220,0.125548
3614,0.124220,0.125558
3615,0.124220,0.125569
3616,0.124220,0.125579
3617,0.124220,0.125589
3618,0.124253,0.125599
3619,0.124253,0.125609
3620,0.124286,0.125620
3621,0.124286,0.125630
3622,0.124286,0.125640
3623,0.124286,0.125650
3624,0.124286,0.125661
3625,0.124286,0.125671
3626,0.124318,0.125681
3627,0.124318,0.125691
3628,0.124318,0.125701
3629,0.124318,0.125712
3630,0.124351,0.125722
3631,0.124384,0.125732
3632,0.124384,0.125742
3633,0.124384,0.125752
3634,0.124384,0.125763
3635,0.124384,0.125773
3636,0.124384,0.125783
3637,0.124384,0.125793
3638,0.124417,0.125803
3639,0.124417,0.125814
3640,0.124417,0.125824
3641,0.124450,0.125834
3642,0.124450,0.125844
3643,0.124450,0.125854
3644,0.124450,0.125864
3645,0.124450,0.125875
3646,0.124450,0.125885
3647,0.124450,0.125895
3648,0.124450,0.125905
3649,0.124483,0.125915
3650,0.124483,0.125925
3651,0.124483,0.125936
3652,0.124515,0.125946
3653,0.124515,0.125956
3654,0.124515,0.125966
3655,0.124581,0.125976
3656,0.124581,0.125986
3657,0.124581,0.125997
3658,0.124581,0.126007
3659,0.124614,0.126017
3660,0.124614,0.126027
3661,0.124647,0.126037
3662,0.124647,0.126047
3663,0.124647,0.126057
3664,0.124647,0.126067
3665,0.124647,0.126078
3666,0.124647,0.126088
3667,0.124647,0.126098
3668,0.124680,0.126108
3669,0.124680,0.126118
3670,0.124712,0.126128
3671,0.124712,0.126138
3672,0.124712,0.126149
3673,0.124745,0.126159
3674,0.124778,0.126169
3675,0.124778,0.126179
3676,0.124811,0.126189
3677,0.124811,0.126199
3678,0.124811,0.126209
3679,0.124811,0.126219
3680,0.124811,0.126229
3681,0.124811,0.126240
3682,0.124811,0.126250
3683,0.124844,0.126260
3684,0.124877,0.126270
3685,0.124877,0.126280
3686,0.124909,0.126290
3687,0.124909,0.126300
3688,0.124909,0.126310
3689,0.124909,0.126320
3690,0.124975,0.126331
3691,0.124975,0.126341
3692,0.124975,0.126351
3693,0.124975,0.126361
3694,0.124975,0.126371
3695,0.124975,0.126381
3696,0.124975,0.126391
3697,0.125041,0.126401
3698,0.125041,0.126411
3699,0.125074,0.126421
3700,0.125074,0.126431
3701,0.125074,0.126441
3702,0.125106,0.126452
3703,0.125106,0.126462
3704,0.125139,0.126472
3705,0.125172,0.126482
3706,0.125172,0.126492
3707,0.125172,0.126502
3708,0.125172,0.126512
3709,0.125172,0.126522
3710,0.125172,0.126532
3711,0.125172,0.126542
3712,0.125172,0.126552
3713,0.125172,0.126562
3714,0.125172,0.126572
3715,0.125172,0.126582
3716,0.125172,0.126592
3717,0.125172,0.126602
3718,0.125172,0.126612
3719,0.125172,0.126622
3720,0.125205,0.126632
3721,0.125205,0.126642
3722,0.125205,0.126652
3723,0.125205,0.126662
3724,0.125205,0.126672
3725,0.125205,0.126682
3726,0.125205,0.126692
3727,0.125238,0.126702
3728,0.125238,0.126712
3729,0.125238,0.126722
3730,0.125238,0.126732
3731,0.125238,0.126742
3732,0.125238,0.126752
3733,0.125238,0.126762
3734,0.125238,0.126772
3735,0.125238,0.126782
3736,0.125271,0.126792
3737,0.125303,0.126802
3738,0.125303,0.126812
3739,0.125336,0.126822
3740,0.125336,0.126832
3741,0.125336,0.126842
3742,0.125369,0.126852
3743,0.125369,0.126862
3744,0.125369,0.126872
3745,0.125402,0.126882
3746,0.125468,0.126892
3747,0.125468,0.126902
3748,0.125468,0.126912
3749,0.125500,0.126922
3750,0.125566,0.126931
3751,0.125599,0.126941
3752,0.125599,0.126951
3753,0.125599,0.126961
3754,0.125599,0.126971
3755,0.125599,0.126981
3756,0.125632,0.126991
3757,0.125632,0.127001
3758,0.125665,0.127011
3759,0.125665,0.127021
3760,0.125665,0.127031
3761,0.125665,0.127041
3762,0.125665,0.127050
3763,0.125665,0.127060
3764,0.125665,0.127070
3765,0.125697,0.127080
3766,0.125697,0.127090
3767,0.125697,0.127100
3768,0.125697,0.127110
3769,0.125730,0.127120
3770,0.125763,0.127130
3771,0.125796,0.127139
3772,0.125796,0.127149
3773,0.125796,0.127159
3774,0.125829,0.127169
3775,0.125862,0.127179
3776,0.125894,0.127189
3777,0.125894,0.127199
3778,0.125894,0.127209
3779,0.125894,0.127218
3780,0.125894,0.127228
3781,0.125894,0.127238
3782,0.125894,0.127248
3783,0.125894,0.127258
3784,0.125894,0.127268
3785,0.125927,0.127278
3786,0.125927,0.127287
3787,0.125927,0.127297
3788,0.125960,0.127307
3789,0.126026,0.127317
3790,0.126026,0.127327
3791,0.126026,0.127337
3792,0.126026,0.127346
3793,0.126091,0.127356
3794,0.126091,0.127366
3795,0.126124,0.127376
3796,0.126124,0.127386
3797,0.126124,0.127396
3798,0.126124,0.127405
3799,0.126124,0.127415
3800,0.126157,0.127425
3801,0.126190,0.127435
3802,0.126190,0.127445
3803,0.126190,0.127454
3804,0.126190,0.127464
3805,0.126190,0.127474
3806,0.126190,0.127484
3807,0.126190,0.127493
3808,0.126190,0.127503
3809,0.126190,0.127513
3810,0.126190,0.127523
3811,0.126256,0.127533
3812,0.126256,0.127542
3813,0.126256,0.127552
3814,0.126256,0.127562
3815,0.126256,0.127572
3816,0.126256,0.127581
3817,0.126256,0.127591
3818,0.126256,0.127601
3819,0.126289,0.127611
3820,0.126289,0.127621
3821,0.126289,0.127630
3822,0.126289,0.127640
3823,0.126289,0.127650
3824,0.126321,0.127660
3825,0.126321,0.127669
3826,0.126354,0.127679
3827,0.126354,0.127689
3828,0.126354,0.127698
3829,0.126354,0.127708
3830,0.126354,0.127718
3831,0.126387,0.127728
3832,0.126387,0.127737
3833,0.126420,0.127747
3834,0.126420,0.127757
3835,0.126420,0.127767
3836,0.126486,0.127776
3837,0.126486,0.127786
3838,0.126486,0.127796
3839,0.126486,0.127805
3840,0.126486,0.127815
3841,0.126486,0.127825
3842,0.126518,0.127835
3843,0.126551,0.127844
3844,0.126584,0.127854
3845,0.126584,0.127864
3846,0.126584,0.127873
3847,0.126617,0.127883
3848,0.126650,0.127893
3849,0.126650,0.127903
3850,0.126650,0.127912
3851,0.126650,0.127922
3852,0.126683,0.127932
3853,0.126683,0.127941
3854,0.126683,0.127951
3855,0.126683,0.127961
3856,0.126683,0.127970
3857,0.126683,0.127980
3858,0.126715,0.127990
3859,0.126715,0.127999
3860,0.126715,0.128009
3861,0.126715,0.128019
3862,0.126715,0.128028
3863,0.126715,0.128038
3864,0.126715,0.128048
3865,0.126748,0.128057
3866,0.126781,0.128067
3867,0.126781,0.128077
3868,0.126781,0.128086
3869,0.126781,0.128096
3870,0.126781,0.128106
3871,0.126814,0.128115
3872,0.126814,0.128125
3873,0.126814,0.128134
3874,0.126847,0.128144
3875,0.126847,0.128154
3876,0.126880,0.128163
3877,0.126880,0.128173
3878,0.126880,0.128183
3879,0.126912,0.128192
3880,0.126912,0.128202
3881,0.126912,0.128211
3882,0.126912,0.128221
3883,0.126945,0.128231
3884,0.126978,0.128240
3885,0.126978,0.128250
3886,0.127011,0.128260
3887,0.127011,0.128269
3888,0.127011,0.128279
3889,0.127044,0.128288
3890,0.127044,0.128298
3891,0.127077,0.128308
3892,0.127109,0.128317
3893,0.127109,0.128327
3894,0.127109,0.128336
3895,0.127142,0.128346
3896,0.127175,0.128355
3897,0.127175,0.128365
3898,0.127175,0.128375
3899,0.127175,0.128384
3900,0.127175,0.128394
3901,0.127208,0.128403
3902,0.127208,0.128413
3903,0.127208,0.128422
3904,0.127241,0.128432
3905,0.127241,0.128442
3906,0.127241,0.128451
3907,0.127274,0.128461
3908,0.127274,0.128470
3909,0.127307,0.128480
3910,0.127307,0.128489
3911,0.127307,0.128499
3912,0.127307,0.128509
3913,0.127339,0.128518
3914,0.127339,0.128528
3915,0.127339,0.128537
3916,0.127339,0.128547
3917,0.127339,0.128556
3918,0.127339,0.128566
3919,0.127405,0.128575
3920,0.127405,0.128585
3921,0.127405,0.128594
3922,0.127405,0.128604
3923,0.127405,0.128613
3924,0.127438,0.128623
3925,0.127438,0.128632
3926,0.127438,0.128642
3927,0.127471,0.128652
3928,0.127504,0.128661
3929,0.127504,0.128671
3930,0.127504,0.128680
3931,0.127504,0.128690
3932,0.127504,0.128699
3933,0.127504,0.128709
3934,0.127504,0.128718
3935,0.127504,0.128728
3936,0.127504,0.128737
3937,0.127504,0.128747
3938,0.127536,0.128756
3939,0.127536,0.128766
3940,0.127536,0.128775
3941,0.127536,0.128784
3942,0.127536,0.128794
3943,0.127536,0.128803
3944,0.127569,0.128813
3945,0.127602,0.128822
3946,0.127602,0.128832
3947,0.127635,0.128841
3948,0.127701,0.128851
3949,0.127701,0.128860
3950,0.127733,0.128870
3951,0.127733,0.128879
3952,0.127733,0.128889
3953,0.127766,0.128898
3954,0.127766,0.128908
3955,0.127832,0.128917
3956,0.127832,0.128926
3957,0.127832,0.128936
3958,0.127832,0.128945
3959,0.127832,0.128955
3960,0.127898,0.128964
3961,0.127898,0.128973
3962,0.127898,0.128983
3963,0.127898,0.128992
3964,0.127930,0.129002
3965,0.127930,0.129011
3966,0.127930,0.129021
3967,0.127963,0.129030
3968,0.127963,0.129039
3969,0.127963,0.129049
3970,0.127996,0.129058
3971,0.128029,0.129068
3972,0.128029,0.129077
3973,0.128029,0.129086
3974,0.128062,0.129096
3975,0.128062,0.129105
3976,0.128062,0.129114
3977,0.128062,0.129124
3978,0.128062,0.129133
3979,0.128062,0.129143
3980,0.128062,0.129152
3981,0.128062,0.129161
3982,0.128062,0.129171
3983,0.128062,0.129180
3984,0.128062,0.129189
3985,0.128062,0.129199
3986,0.128095,0.129208
3987,0.128095,0.129218
3988,0.128128,0.129227
3989,0.128128,0.129236
3990,0.128128,0.129246
3991,0.128128,0.129255
3992,0.128128,0.129264
3993,0.128128,0.129274
3994,0.128128,0.129283
3995,0.128128,0.129292
3996,0.128160,0.129302
3997,0.128160,0.129311
3998,0.128160,0.129320
3999,0.128160,0.129330
5454,0.136045,0.141123
8726,0.153410,0.159917
13961,0.172542,0.179887