28705 1
24918 1
15112 1
12073 1
11295 1
10470 1
10130 1
9494 1
9295 1
9065 1
8854 1
8081 1
6727 1
6168 1
6018 1
5757 1
5678 1
5478 1
5395 1
4653 1
4492 1
4427 1
4423 1
4161 1
3981 1
3946 1
3906 1
3835 1
3651 1
3602 1
3554 1
3542 2
3517 1
3441 1
3407 1
3291 1
3119 1
3077 1
3012 1
2878 1
2779 1
2704 1
2564 1
2522 1
2521 1
2437 2
2351 1
2296 1
2122 1
2107 1
2097 1
2089 1
2050 1
1972 1
1964 1
1933 1
1891 1
1861 1
1809 1
1800 1
1786 1
1784 1
1766 1
1763 1
1756 1
1739 1
1734 1
1688 1
1650 1
1645 1
1644 1
1620 2
1583 1
1529 1
1509 1
1506 1
1476 1
1428 1
1400 1
1380 1
1375 1
1369 1
1367 1
1346 1
1305 1
1296 1
1286 1
1273 1
1225 1
1224 1
1216 1
1147 1
1136 1
1131 1
1118 1
1101 1
1094 1
1093 1
1082 1
1081 1
1064 1
1060 1
1056 1
1035 1
1020 1
1016 1
1003 1
1000 1
997 1
987 1
973 1
963 1
943 1
931 1
923 1
913 1
910 1
905 1
903 1
897 1
896 1
891 1
882 1
880 1
878 1
862 1
854 1
852 1
840 1
838 1
829 1
827 1
825 1
824 1
818 1
815 1
814 1
810 1
809 2
802 1
796 1
794 1
790 1
789 1
785 1
783 1
782 1
781 1
780 1
779 1
778 1
775 1
770 1
763 1
762 1
760 1
756 1
754 1
752 1
751 1
750 1
738 2
733 1
728 1
724 2
718 1
716 2
708 1
705 1
696 1
695 1
685 1
684 1
672 1
669 1
666 1
665 2
664 1
659 1
654 1
649 1
646 1
644 1
643 1
639 1
638 1
631 1
626 2
608 1
604 1
602 1
601 1
593 1
592 1
591 1
586 2
583 1
578 1
576 2
573 1
572 1
571 1
568 1
566 1
565 1
563 1
561 1
560 1
551 1
549 1
546 1
544 3
540 2
539 1
537 1
533 1
530 2
528 1
527 1
521 1
519 2
514 4
512 1
510 2
507 1
506 1
504 1
501 1
500 1
498 1
497 1
495 1
494 1
491 1
490 1
483 3
482 3
481 1
478 1
477 1
476 1
474 2
472 1
468 1
466 1
465 1
464 1
462 1
461 1
460 3
459 1
457 2
456 1
455 1
454 1
453 2
452 1
449 2
446 1
445 1
444 1
443 1
442 2
441 1
439 1
437 1
436 2
434 1
433 1
432 1
431 2
430 1
426 2
425 2
424 1
423 1
422 1
421 1
420 3
419 4
418 3
417 5
413 1
409 1
407 1
406 1
404 1
400 2
399 1
398 1
396 2
395 2
394 1
393 1
391 2
389 2
388 1
387 2
384 2
383 2
381 3
380 1
378 2
376 1
375 3
374 1
372 1
371 1
370 1
369 1
368 2
367 1
366 3
362 1
361 1
360 1
357 3
355 2
353 3
352 2
351 3
348 1
347 4
345 2
343 1
341 4
340 4
337 1
336 2
335 1
334 5
331 4
329 1
328 2
327 1
326 4
325 2
324 1
323 2
322 1
321 2
320 3
318 2
316 1
315 1
314 1
312 2
310 1
309 3
308 1
307 2
306 1
305 2
304 1
303 2
302 1
301 4
300 4
299 5
298 2
297 1
296 1
294 4
293 2
292 2
291 2
290 1
289 4
288 2
287 5
285 3
284 1
283 3
282 1
281 3
280 2
279 2
278 2
276 4
275 4
274 2
273 2
272 2
271 1
270 2
269 2
268 1
267 8
266 3
265 4
264 1
263 2
262 2
261 3
260 3
259 2
258 3
257 2
256 2
254 2
253 3
252 3
251 2
250 3
249 4
248 2
247 1
246 3
245 1
244 3
243 1
242 8
241 3
240 2
239 7
238 2
237 2
236 3
235 1
234 5
233 2
232 6
231 2
230 3
229 5
228 5
227 4
226 3
224 2
223 4
222 2
221 4
220 5
219 4
218 4
217 6
216 6
215 3
214 6
213 4
212 5
211 6
210 8
209 5
208 5
207 4
206 6
205 6
204 10
203 1
202 3
201 3
200 6
199 2
198 3
197 5
196 8
195 4
194 5
193 11
192 4
191 3
190 4
189 7
188 6
187 8
186 5
185 6
184 3
183 12
182 5
181 4
180 3
179 8
178 8
177 6
176 7
175 8
174 7
173 9
172 9
171 11
170 11
169 5
168 10
167 11
166 8
165 9
164 13
163 5
162 10
161 7
160 9
159 10
158 7
157 11
156 13
155 10
154 16
153 8
152 10
151 5
150 11
149 7
148 10
147 6
146 15
145 4
144 11
143 5
142 6
141 10
140 12
139 5
138 13
137 14
136 14
135 23
134 19
133 17
132 14
131 11
130 16
129 20
128 15
127 12
126 11
125 10
124 9
123 26
122 14
121 15
120 15
119 18
118 21
117 14
116 20
115 15
114 19
113 25
112 21
111 21
110 22
109 16
108 21
107 23
106 20
105 18
104 23
103 23
102 30
101 36
100 33
99 30
98 24
97 23
96 20
95 33
94 27
93 33
92 35
91 29
90 32
89 31
88 47
87 38
86 42
85 31
84 47
83 37
82 28
81 47
80 47
79 41
78 35
77 64
76 51
75 46
74 59
73 53
72 58
71 61
70 53
69 66
68 66
67 68
66 61
65 86
64 85
63 82
62 106
61 81
60 91
59 92
58 86
57 99
56 105
55 120
54 97
53 116
52 148
51 136
50 151
49 150
48 147
47 172
46 182
45 170
44 164
43 213
42 235
41 245
40 244
39 261
38 293
37 313
36 349
35 320
34 379
33 409
32 441
31 481
30 490
29 538
28 609
27 650
26 757
25 824
24 902
23 1059
22 1145
21 1255
20 1480
19 1706
18 1832
17 2276
16 2508
15 3144
14 3805
13 4575
12 5837
11 7446
10 9652
9 12733
8 18092
7 26700
6 41392
5 68323
4 129918
3 279571
2 946941
1 9007262
