290729 1
79076 1
76789 1
59462 1
49952 1
33291 1
21725 1
20901 1
20553 1
16648 1
16227 1
15308 1
15163 1
14726 1
14331 1
14103 1
13984 1
13981 1
13488 1
13456 1
13272 1
13134 1
13028 1
12714 1
11761 1
11489 1
11289 1
11112 1
10836 1
10755 1
10731 1
10560 1
10547 1
10508 1
10167 1
9764 1
9708 1
9704 1
9610 1
9516 1
9462 1
9310 1
9153 1
9053 1
8976 1
8960 1
8756 1
8676 1
8667 1
8631 1
8537 1
8499 1
8462 1
8404 1
8360 1
8310 1
8285 1
8269 1
8025 1
7901 1
7866 1
7792 1
7766 1
7735 1
7717 1
7654 1
7645 1
7564 1
7536 1
7518 1
7500 1
7419 1
7333 1
7301 1
7241 1
7222 1
7206 1
7148 1
7116 1
6979 1
6775 1
6658 1
6653 1
6647 1
6598 1
6570 1
6554 1
6547 1
6501 1
6420 1
6390 1
6320 1
6272 1
6215 1
6131 1
6111 1
6080 1
6079 1
6068 1
6027 1
5986 1
5875 1
5866 1
5850 1
5844 1
5833 1
5792 1
5758 1
5730 1
5716 1
5669 2
5589 1
5498 1
5486 1
5438 1
5435 1
5405 1
5377 1
5346 1
5329 1
5311 1
5300 1
5238 1
5225 1
5187 1
5175 1
5167 1
5126 1
5106 1
5099 1
5086 1
5057 1
5055 1
5052 1
5005 1
5003 1
5002 1
5001 1
4945 1
4936 1
4899 1
4832 1
4827 1
4805 1
4802 1
4749 1
4732 1
4716 1
4704 1
4660 1
4624 1
4589 1
4588 1
4576 1
4575 1
4566 1
4556 1
4544 1
4542 1
4540 1
4520 1
4503 1
4497 1
4492 1
4486 1
4477 1
4469 1
4460 3
4455 1
4454 1
4439 1
4431 1
4422 1
4420 1
4418 1
4416 1
4406 1
4404 1
4390 1
4344 1
4320 1
4295 2
4272 1
4258 1
4254 1
4249 1
4244 1
4240 1
4164 1
4139 1
4131 1
4118 1
4115 1
4095 1
4088 1
4070 1
4065 1
4059 1
4027 1
4022 1
4009 1
3998 1
3984 1
3960 1
3959 1
3936 1
3933 1
3930 1
3927 1
3918 1
3904 1
3900 1
3885 1
3874 1
3823 1
3821 1
3802 1
3780 1
3775 1
3773 1
3764 2
3759 1
3750 1
3747 1
3740 1
3729 1
3725 1
3700 2
3690 2
3679 1
3670 1
3665 1
3655 1
3649 1
3619 1
3602 1
3595 1
3587 1
3584 1
3563 1
3559 1
3536 1
3527 1
3521 2
3520 2
3514 1
3505 1
3504 1
3494 1
3480 1
3478 1
3467 1
3466 1
3464 1
3460 1
3452 1
3438 2
3437 1
3432 1
3422 1
3399 1
3397 1
3369 1
3364 1
3361 1
3343 1
3331 1
3330 1
3315 1
3305 1
3294 1
3292 1
3285 1
3284 1
3280 1
3278 1
3276 1
3264 1
3261 1
3256 1
3254 1
3240 1
3215 1
3209 1
3183 1
3159 2
3141 1
3139 2
3107 1
3102 1
3100 1
3099 1
3080 1
3076 1
3068 1
3066 1
3063 2
3051 1
3049 1
3048 2
3047 1
3045 2
3040 1
3037 1
3009 1
3007 1
3000 1
2996 1
2992 1
2976 1
2974 2
2965 1
2958 1
2957 1
2955 1
2939 2
2908 1
2904 1
2885 1
2881 1
2878 1
2871 1
2870 1
2868 1
2857 1
2853 1
2848 1
2845 1
2843 1
2841 1
2822 1
2812 1
2808 1
2803 1
2793 1
2790 2
2787 1
2785 1
2782 1
2781 1
2774 1
2759 1
2756 1
2749 1
2748 1
2744 1
2742 1
2738 1
2733 1
2725 1
2724 1
2721 1
2714 1
2704 1
2698 1
2685 1
2683 1
2681 1
2677 1
2672 1
2666 1
2664 2
2656 1
2654 2
2652 1
2646 1
2643 1
2638 1
2634 1
2626 1
2623 1
2613 1
2604 1
2601 1
2596 2
2590 1
2589 1
2585 1
2577 1
2576 1
2569 1
2563 1
2551 1
2545 1
2540 1
2537 1
2534 1
2530 1
2519 1
2507 1
2499 1
2495 1
2493 1
2491 1
2488 2
2486 1
2485 1
2472 1
2471 1
2456 1
2452 1
2447 2
2444 2
2437 1
2436 1
2435 1
2434 1
2431 1
2429 1
2419 1
2415 1
2413 2
2409 2
2407 1
2406 1
2403 1
2400 1
2398 1
2397 1
2394 1
2378 1
2376 1
2375 2
2369 1
2366 1
2362 1
2357 1
2350 1
2349 1
2344 1
2336 1
2332 1
2331 1
2321 1
2320 2
2316 1
2311 1
2309 1
2307 1
2301 1
2293 1
2289 1
2287 1
2285 1
2284 2
2280 2
2270 2
2265 1
2264 1
2263 1
2259 1
2257 1
2246 1
2238 1
2222 1
2220 1
2216 1
2208 1
2203 1
2202 1
2200 1
2196 1
2189 2
2186 1
2185 2
2180 1
2177 2
2175 1
2172 1
2170 1
2166 1
2165 1
2164 1
2148 2
2146 1
2138 1
2134 1
2132 2
2126 2
2122 2
2118 1
2111 2
2109 1
2106 1
2105 2
2100 1
2097 1
2089 2
2085 1
2080 1
2073 1
2072 1
2068 1
2064 1
2063 1
2062 1
2060 1
2059 1
2056 2
2055 1
2053 2
2047 2
2043 1
2042 1
2038 3
2035 1
2033 1
2032 1
2031 2
2030 1
2029 1
2022 1
2020 1
2018 1
2016 1
2015 2
2014 2
2007 1
2004 1
2002 1
1999 1
1991 2
1989 1
1986 1
1981 1
1977 2
1975 1
1974 1
1973 2
1972 1
1968 1
1961 1
1958 2
1957 2
1953 3
1952 2
1943 1
1942 1
1937 1
1934 1
1933 1
1932 1
1928 1
1927 1
1923 1
1921 1
1920 2
1913 1
1912 1
1897 1
1894 1
1891 1
1890 1
1889 1
1888 1
1885 1
1883 3
1880 1
1877 1
1876 2
1875 1
1874 1
1872 1
1871 1
1870 1
1869 1
1868 1
1864 1
1862 1
1861 1
1860 1
1856 2
1855 1
1854 1
1850 1
1847 1
1844 1
1842 1
1839 1
1834 1
1833 1
1832 1
1829 1
1828 1
1826 1
1821 2
1820 2
1812 1
1809 1
1804 2
1803 2
1801 2
1800 1
1799 1
1798 1
1797 2
1796 1
1795 1
1794 2
1788 2
1780 1
1778 2
1776 1
1775 2
1774 1
1771 1
1769 3
1768 1
1767 2
1765 1
1762 1
1761 1
1758 1
1756 1
1754 1
1750 2
1749 1
1745 2
1743 1
1738 1
1735 1
1734 1
1733 1
1730 1
1728 2
1723 1
1721 1
1716 1
1714 1
1713 2
1708 1
1706 1
1704 1
1703 1
1702 1
1697 1
1696 1
1693 2
1692 1
1690 4
1686 1
1685 2
1682 1
1679 1
1673 1
1671 2
1670 2
1668 2
1666 1
1663 1
1662 1
1658 1
1654 3
1652 1
1651 1
1650 1
1649 1
1648 1
1644 1
1641 1
1639 1
1638 1
1635 1
1633 1
1631 1
1630 1
1629 1
1628 1
1627 1
1626 2
1624 1
1620 1
1618 1
1617 1
1614 2
1613 3
1611 1
1610 1
1608 1
1604 1
1598 2
1596 1
1595 2
1594 1
1592 1
1588 1
1587 1
1586 1
1585 2
1583 1
1582 1
1579 1
1578 1
1577 1
1576 1
1575 3
1571 1
1570 1
1566 1
1564 1
1563 1
1562 1
1560 1
1559 1
1558 1
1555 1
1552 5
1551 3
1549 1
1548 3
1547 1
1545 2
1543 2
1542 1
1541 1
1540 2
1538 2
1537 2
1530 1
1529 1
1527 1
1524 2
1523 1
1522 1
1520 1
1516 1
1512 1
1510 1
1509 1
1508 1
1507 2
1506 3
1505 1
1503 3
1502 1
1501 2
1500 1
1498 1
1496 2
1495 2
1494 1
1492 4
1491 1
1487 2
1484 1
1483 1
1482 1
1481 1
1480 2
1478 3
1477 1
1470 1
1469 1
1468 2
1467 1
1464 1
1462 2
1461 1
1454 3
1449 3
1447 1
1446 1
1441 2
1440 2
1437 2
1435 1
1434 5
1432 1
1431 1
1430 1
1429 1
1426 1
1424 2
1423 1
1422 1
1420 2
1418 1
1417 1
1416 4
1414 1
1413 1
1412 1
1411 1
1409 4
1406 1
1405 1
1404 1
1402 1
1401 1
1399 1
1398 2
1397 2
1395 2
1394 2
1392 3
1391 2
1390 1
1389 3
1385 2
1384 1
1383 1
1382 1
1381 1
1380 1
1379 2
1378 1
1377 1
1376 2
1375 2
1372 2
1370 1
1369 1
1368 2
1364 2
1362 3
1361 1
1358 4
1357 3
1353 1
1352 3
1351 1
1350 1
1349 2
1348 3
1346 2
1345 1
1344 1
1342 2
1341 1
1339 1
1338 2
1336 1
1333 2
1332 1
1328 1
1327 2
1324 1
1323 2
1322 3
1321 1
1320 2
1319 1
1317 2
1316 1
1315 2
1313 2
1312 1
1310 2
1308 1
1307 1
1306 3
1305 1
1304 1
1302 1
1301 1
1300 1
1299 1
1298 2
1296 1
1295 1
1293 2
1292 1
1290 2
1287 3
1284 2
1283 1
1282 1
1280 3
1279 1
1278 4
1277 1
1276 3
1275 1
1272 2
1271 1
1269 1
1268 1
1266 2
1265 1
1264 1
1262 1
1260 2
1259 1
1254 1
1253 1
1252 2
1249 4
1248 2
1247 1
1243 1
1242 1
1241 1
1239 2
1237 1
1236 1
1233 1
1232 4
1231 1
1230 2
1229 1
1228 1
1227 2
1226 1
1223 2
1222 3
1220 2
1219 2
1217 2
1216 1
1215 1
1214 2
1213 3
1212 1
1211 2
1210 3
1208 1
1205 2
1203 2
1202 1
1201 1
1200 1
1199 1
1198 1
1197 1
1196 2
1193 3
1190 3
1187 2
1186 1
1184 1
1182 2
1180 3
1179 4
1178 3
1177 1
1176 1
1174 1
1171 1
1170 1
1169 1
1167 1
1166 3
1165 1
1164 2
1162 3
1161 2
1158 1
1157 1
1155 2
1154 3
1151 4
1150 3
1148 2
1147 2
1146 3
1145 1
1144 1
1143 2
1142 2
1141 2
1140 1
1139 1
1138 1
1135 2
1134 1
1132 2
1131 1
1130 3
1129 1
1128 1
1127 3
1125 2
1123 1
1122 1
1121 1
1119 1
1118 2
1117 1
1116 3
1115 3
1114 2
1112 2
1111 2
1110 1
1109 1
1108 1
1107 2
1106 2
1105 3
1104 1
1102 3
1100 2
1099 2
1097 3
1096 1
1093 1
1090 4
1089 1
1087 2
1086 1
1085 2
1083 2
1082 3
1078 2
1077 2
1076 1
1075 3
1073 2
1072 1
1071 1
1070 1
1068 2
1067 2
1066 1
1065 2
1064 2
1063 1
1062 2
1061 1
1060 5
1059 2
1057 2
1056 3
1055 3
1053 3
1052 4
1051 3
1050 3
1049 3
1048 1
1047 1
1046 2
1045 2
1044 2
1043 4
1042 1
1040 2
1038 1
1036 3
1035 2
1034 1
1032 1
1031 1
1030 1
1028 3
1027 4
1026 3
1025 2
1024 2
1023 2
1022 1
1021 1
1020 2
1018 2
1017 5
1016 2
1015 2
1014 1
1013 3
1012 1
1011 2
1010 4
1009 1
1008 1
1007 3
1006 1
1004 1
1003 1
1002 2
1000 1
999 1
998 1
997 4
996 5
995 2
994 1
993 2
991 3
990 1
988 1
986 1
985 5
984 2
983 2
982 3
981 4
980 1
978 4
975 1
973 2
972 2
971 1
970 1
969 1
966 1
964 2
963 4
962 2
961 1
960 2
959 1
958 3
957 2
956 1
955 3
954 4
953 1
952 4
951 5
950 1
949 1
948 3
947 2
946 2
945 1
944 2
943 7
942 2
941 3
940 5
939 3
938 2
937 3
936 2
935 1
934 3
933 2
932 6
931 4
930 2
929 3
928 1
926 4
925 1
923 2
922 4
921 3
920 2
919 2
917 1
916 4
914 1
913 1
912 1
911 4
910 2
908 6
906 2
905 4
904 1
903 3
902 1
901 3
900 2
899 2
898 1
897 2
896 4
895 5
894 1
893 1
892 2
891 2
889 1
887 3
886 3
885 1
884 2
883 2
882 3
881 1
880 2
879 2
878 2
877 2
876 2
875 3
874 2
873 4
871 2
870 1
869 3
868 1
867 1
866 3
864 1
863 6
862 4
861 2
860 2
859 1
858 3
857 4
855 2
854 3
853 1
852 3
851 3
850 3
849 3
848 3
847 2
846 3
843 1
842 3
841 2
840 2
839 2
838 1
837 3
836 2
835 3
834 5
833 1
832 6
830 7
829 3
828 2
827 2
826 6
825 1
824 2
823 4
822 6
821 2
820 4
819 1
818 1
817 2
815 6
814 3
813 1
812 4
811 1
810 1
809 1
808 6
807 2
806 2
805 2
804 2
803 4
802 4
801 4
800 3
799 6
798 2
797 1
796 3
795 1
794 2
793 3
792 2
791 5
790 1
789 2
788 1
787 3
786 1
785 1
784 6
783 6
782 1
781 2
780 2
779 4
778 5
777 2
776 1
775 5
774 2
773 2
771 9
770 1
769 2
768 1
767 4
766 4
765 2
764 6
763 2
762 1
761 2
760 2
759 2
758 2
757 2
756 4
755 1
754 1
753 6
752 2
751 4
749 6
748 5
747 3
746 1
745 6
744 6
743 5
742 3
740 1
739 5
738 1
737 3
736 3
735 9
734 2
733 3
732 2
731 2
730 6
729 1
728 4
727 1
726 5
725 3
724 5
723 3
722 3
721 5
720 1
719 4
718 2
717 5
716 2
715 7
714 4
713 1
712 2
711 3
710 3
709 5
708 4
707 1
706 4
705 3
704 2
703 4
702 3
701 1
700 4
699 5
698 4
697 4
696 2
695 2
694 1
693 2
692 4
691 3
690 3
689 5
688 6
687 5
686 8
685 2
684 3
683 4
682 4
681 5
680 6
679 4
678 5
677 1
676 4
675 5
674 8
673 4
672 4
671 3
670 2
669 4
668 4
667 1
666 3
665 4
664 2
663 4
662 5
661 5
660 2
659 5
658 5
657 6
656 3
655 4
654 4
653 3
652 2
651 5
650 2
649 3
648 4
647 1
646 1
645 2
644 4
643 1
642 5
641 2
640 5
639 9
638 5
637 3
636 7
635 3
634 3
633 6
632 6
631 4
630 6
629 5
628 5
627 3
626 1
625 2
624 3
623 2
622 4
621 6
620 9
619 6
618 5
617 7
616 6
615 3
614 4
613 8
612 4
611 8
610 3
609 5
608 7
607 7
606 4
605 6
604 7
603 4
602 2
601 4
600 3
599 4
598 6
597 7
596 4
595 1
594 7
593 8
592 3
591 3
590 5
589 5
588 8
587 4
586 5
585 8
584 4
583 5
582 6
581 4
580 1
579 5
578 5
577 5
576 7
575 6
574 5
573 8
572 7
571 10
570 4
569 5
568 2
567 4
566 4
565 5
564 5
563 4
561 6
560 3
559 7
558 3
557 4
556 5
555 7
554 4
553 3
552 7
551 3
550 8
549 7
548 5
547 10
546 5
545 7
544 8
543 5
542 5
541 6
540 4
539 8
538 3
537 8
536 9
535 6
534 5
533 5
532 5
531 6
530 3
529 11
528 3
527 5
526 4
525 10
524 6
523 9
522 5
521 6
520 5
519 7
518 5
517 6
516 5
515 6
514 7
513 9
512 8
511 9
510 8
509 8
508 8
507 5
506 8
505 6
504 5
503 6
502 8
501 6
500 10
499 10
498 9
497 8
496 5
495 3
494 4
493 6
492 6
491 3
490 6
489 7
488 8
487 8
486 7
485 8
484 7
483 5
482 5
481 9
480 3
479 9
478 8
477 4
476 9
475 6
474 5
473 5
472 5
471 7
470 6
469 4
468 7
467 6
466 6
465 8
464 6
463 12
462 8
461 6
460 6
459 7
458 5
457 2
456 8
455 10
454 7
453 8
452 6
451 7
450 10
449 14
448 11
447 10
446 6
445 9
444 6
443 5
442 13
441 8
440 13
439 9
438 6
437 5
436 10
435 9
434 9
433 15
432 11
431 9
430 16
429 13
428 12
427 8
426 15
425 9
424 10
423 8
422 9
421 10
420 5
419 11
418 11
417 12
416 4
415 8
414 14
413 11
412 15
411 8
410 8
409 9
408 9
407 9
406 7
405 9
404 11
403 11
402 15
401 12
400 7
399 12
398 17
397 4
396 12
395 9
394 9
393 11
392 14
391 12
390 9
389 13
388 17
387 12
386 14
385 10
384 16
383 13
382 11
381 13
380 13
379 12
378 7
377 13
376 12
375 14
374 8
373 12
372 6
371 13
370 15
369 9
368 21
367 13
366 13
365 5
364 14
363 15
362 16
361 20
360 8
359 19
358 15
357 14
356 14
355 18
354 11
353 17
352 5
351 12
350 11
349 7
348 15
347 15
346 12
345 13
344 20
343 15
342 17
341 13
340 16
339 16
338 15
337 18
336 15
335 12
334 14
333 12
332 12
331 16
330 17
329 14
328 14
327 16
326 12
325 12
324 15
323 17
322 11
321 16
320 13
319 21
318 15
317 22
316 27
315 18
314 21
313 11
312 18
311 15
310 19
309 27
308 21
307 14
306 33
305 22
304 26
303 17
302 20
301 24
300 21
299 11
298 23
297 25
296 19
295 18
294 19
293 22
292 19
291 16
290 22
289 24
288 27
287 18
286 22
285 20
284 22
283 26
282 27
281 23
280 20
279 20
278 33
277 20
276 28
275 23
274 23
273 33
272 30
271 19
270 24
269 31
268 25
267 27
266 34
265 16
264 21
263 24
262 22
261 17
260 20
259 27
258 30
257 26
256 24
255 22
254 27
253 37
252 37
251 33
250 31
249 37
248 28
247 17
246 33
245 44
244 29
243 33
242 43
241 30
240 28
239 33
238 32
237 41
236 29
235 27
234 39
233 30
232 33
231 47
230 47
229 30
228 47
227 36
226 39
225 31
224 43
223 31
222 34
221 48
220 36
219 35
218 34
217 35
216 30
215 34
214 42
213 41
212 32
211 26
210 41
209 36
208 40
207 50
206 47
205 45
204 43
203 34
202 53
201 45
200 41
199 52
198 52
197 46
196 53
195 53
194 51
193 55
192 57
191 45
190 43
189 45
188 54
187 51
186 46
185 66
184 50
183 47
182 46
181 44
180 53
179 64
178 62
177 44
176 55
175 50
174 66
173 64
172 68
171 53
170 69
169 69
168 71
167 77
166 72
165 80
164 82
163 73
162 78
161 64
160 75
159 66
158 82
157 79
156 82
155 81
154 93
153 96
152 86
151 97
150 82
149 86
148 80
147 90
146 96
145 100
144 97
143 103
142 90
141 103
140 105
139 100
138 125
137 124
136 123
135 103
134 110
133 118
132 119
131 105
130 102
129 128
128 111
127 126
126 117
125 120
124 123
123 141
122 148
121 132
120 137
119 147
118 149
117 139
116 127
115 173
114 176
113 177
112 147
111 143
110 186
109 186
108 192
107 191
106 190
105 179
104 205
103 230
102 237
101 191
100 248
99 236
98 246
97 223
96 260
95 240
94 265
93 283
92 259
91 285
90 303
89 293
88 299
87 338
86 326
85 321
84 356
83 341
82 362
81 376
80 373
79 384
78 416
77 412
76 411
75 433
74 455
73 493
72 454
71 520
70 505
69 506
68 525
67 561
66 558
65 585
64 591
63 591
62 652
61 633
60 687
59 726
58 799
57 718
56 838
55 786
54 894
53 852
52 997
51 958
50 953
49 1010
48 1076
47 1108
46 1143
45 1225
44 1284
43 1367
42 1370
41 1463
40 1558
39 1632
38 1734
37 1737
36 1972
35 2017
34 2101
33 2350
32 2522
31 2566
30 2810
29 2978
28 3261
27 3494
26 3708
25 3979
24 4359
23 4734
22 5047
21 5616
20 6234
19 7208
18 7638
17 8756
16 9769
15 11032
14 12746
13 14926
12 17311
11 20858
10 25472
9 31337
8 39968
7 52711
6 73006
5 109267
4 183292
3 389854
2 1323615
1 11884632
