753217 1
149035 1
60894 1
56396 1
55380 1
54871 1
51071 1
45415 1
44538 1
35605 1
29080 1
28888 1
25051 1
24892 1
24460 1
23558 1
20038 1
19563 1
19496 1
19310 1
18935 1
18175 1
17698 1
17563 1
17408 1
17366 1
17139 1
16818 1
16753 1
16550 1
16425 1
16199 1
16112 1
15995 1
15963 1
15865 1
14730 1
14647 1
14617 1
14408 1
14014 1
13600 1
13379 1
12866 1
12316 1
12310 1
12305 1
12251 1
12166 1
12156 1
12050 1
11912 1
11876 1
11787 1
11691 1
11648 1
11516 1
11474 1
11162 1
11096 1
11041 2
11028 1
10995 1
10980 1
10944 1
10808 1
10762 1
10745 1
10699 1
10437 1
10373 1
10302 1
10211 1
10177 1
10105 1
10080 1
10074 1
10062 1
9917 1
9836 1
9816 1
9674 1
9665 1
9642 1
9619 1
9562 1
9560 1
9547 1
9398 1
9353 1
9259 1
9253 1
9217 1
9143 1
9111 1
9011 1
9005 1
8953 1
8918 1
8898 1
8860 1
8801 1
8788 1
8761 1
8755 1
8752 1
8728 1
8712 1
8673 1
8657 1
8652 1
8645 1
8608 1
8598 1
8594 1
8472 1
8427 1
8338 1
8329 1
8314 1
8292 1
8274 1
8265 1
8160 1
8051 1
7914 1
7899 1
7881 1
7860 1
7796 1
7781 1
7736 1
7723 1
7691 1
7687 1
7632 1
7519 1
7468 1
7447 1
7445 1
7427 1
7395 1
7317 1
7281 1
7245 1
7230 1
7217 1
7210 1
7157 1
7125 1
7103 1
7089 1
7034 1
6981 1
6978 1
6967 1
6964 1
6961 1
6926 1
6855 1
6822 1
6806 1
6762 1
6749 1
6735 1
6732 1
6725 1
6697 1
6672 1
6657 1
6623 1
6621 1
6543 1
6528 1
6493 1
6448 1
6400 1
6398 1
6338 1
6308 1
6267 1
6265 1
6254 1
6247 1
6240 1
6219 1
6198 1
6150 1
6106 1
6102 1
6095 1
6087 1
6083 1
6078 1
6070 1
6045 1
6043 1
6014 1
5973 1
5967 1
5949 1
5938 1
5881 1
5871 1
5869 1
5831 1
5817 1
5811 1
5775 1
5770 1
5767 1
5758 1
5731 1
5679 1
5657 1
5645 1
5638 1
5636 1
5634 1
5615 1
5606 1
5604 1
5590 1
5589 1
5574 1
5561 1
5545 1
5538 1
5510 1
5508 1
5488 1
5456 1
5449 1
5414 1
5394 1
5367 1
5364 1
5344 1
5273 1
5217 1
5184 1
5183 1
5167 1
5149 1
5128 1
5107 1
5099 1
5077 1
5074 1
5062 1
5051 1
5050 1
5032 1
4990 1
4958 1
4951 1
4926 2
4918 1
4911 1
4903 1
4897 1
4887 1
4865 1
4862 1
4861 1
4834 1
4823 1
4818 1
4810 1
4808 1
4794 2
4790 1
4789 1
4767 1
4761 1
4760 1
4759 1
4751 1
4743 1
4741 1
4729 1
4708 1
4699 1
4649 1
4642 1
4636 1
4631 1
4604 1
4583 1
4581 1
4566 1
4562 1
4559 1
4548 1
4534 1
4524 1
4519 1
4498 1
4489 2
4479 1
4473 1
4465 1
4445 1
4439 1
4430 1
4408 1
4399 1
4397 1
4393 1
4385 1
4367 1
4366 1
4350 1
4346 1
4343 1
4336 1
4329 1
4326 1
4318 1
4317 1
4302 1
4293 1
4288 1
4278 1
4258 1
4255 1
4249 1
4242 1
4241 1
4231 1
4223 1
4203 1
4201 1
4178 1
4175 1
4174 1
4158 1
4154 1
4141 1
4139 1
4116 1
4109 1
4105 2
4093 1
4077 1
4063 1
4052 1
4036 1
4026 2
4021 1
3997 1
3994 1
3989 1
3967 1
3962 1
3959 1
3945 1
3942 1
3929 1
3921 1
3918 1
3901 1
3895 1
3891 1
3887 1
3886 1
3884 1
3877 1
3871 1
3867 1
3861 1
3858 1
3841 1
3838 1
3817 1
3813 1
3806 1
3800 1
3798 1
3797 1
3785 1
3780 1
3773 1
3772 1
3766 1
3762 1
3759 1
3756 1
3747 1
3744 1
3734 1
3733 1
3730 1
3725 1
3720 1
3716 3
3713 1
3712 1
3701 1
3700 1
3696 1
3690 1
3689 1
3688 1
3686 1
3680 1
3679 1
3672 1
3664 1
3643 1
3638 2
3633 2
3632 1
3621 1
3613 1
3612 1
3601 1
3600 1
3599 1
3595 1
3593 1
3590 1
3587 1
3578 2
3576 1
3575 1
3570 1
3565 2
3564 1
3561 1
3559 1
3556 1
3555 1
3545 1
3540 1
3538 2
3537 1
3524 1
3511 1
3508 1
3504 2
3502 1
3494 1
3488 1
3485 2
3484 1
3483 1
3475 1
3470 1
3464 1
3457 1
3452 1
3451 1
3450 1
3446 1
3433 1
3431 1
3425 1
3424 1
3418 1
3413 1
3410 1
3403 1
3402 1
3401 1
3386 1
3380 1
3379 2
3371 1
3369 2
3364 1
3358 1
3355 1
3351 1
3349 1
3343 1
3341 1
3338 1
3337 1
3333 1
3325 1
3317 1
3315 1
3310 1
3297 1
3287 1
3283 1
3282 1
3265 1
3259 1
3258 1
3253 1
3246 1
3241 1
3237 1
3228 1
3227 2
3226 2
3221 1
3215 1
3214 1
3201 2
3199 1
3194 1
3180 1
3171 1
3164 1
3161 1
3148 1
3126 1
3125 1
3123 1
3116 1
3106 1
3105 1
3104 2
3101 1
3095 1
3088 1
3075 1
3072 1
3071 1
3069 1
3063 1
3061 1
3059 1
3058 1
3055 2
3048 1
3045 1
3038 1
3030 1
3021 1
3019 2
3016 1
3014 1
3010 2
3007 1
3002 2
2994 2
2988 1
2980 1
2976 1
2971 2
2969 2
2959 1
2954 1
2939 1
2934 1
2932 1
2929 1
2928 1
2927 1
2918 1
2917 1
2913 1
2899 2
2898 1
2897 1
2894 1
2893 1
2890 1
2887 1
2885 1
2880 1
2876 2
2870 1
2866 2
2865 1
2864 1
2862 1
2861 1
2852 1
2850 2
2844 1
2842 2
2840 1
2838 2
2833 1
2832 1
2828 2
2826 1
2825 1
2822 1
2819 1
2805 1
2803 1
2797 1
2784 1
2778 1
2775 2
2774 1
2773 1
2768 1
2765 1
2758 1
2754 1
2750 1
2748 1
2745 1
2744 1
2743 1
2730 1
2728 1
2725 1
2721 1
2718 1
2715 3
2714 1
2709 1
2708 1
2704 1
2702 1
2698 2
2695 2
2694 1
2693 2
2692 1
2691 1
2686 1
2683 1
2678 1
2677 2
2669 2
2667 1
2663 2
2657 1
2656 2
2650 1
2649 1
2643 1
2635 1
2633 1
2625 2
2623 1
2616 1
2614 1
2613 2
2610 1
2605 1
2604 1
2594 1
2586 1
2585 1
2582 1
2578 3
2572 1
2571 2
2568 1
2567 1
2563 2
2560 1
2558 1
2557 2
2547 1
2542 2
2539 1
2533 1
2532 1
2522 1
2517 1
2513 1
2511 4
2510 1
2508 1
2506 1
2505 1
2498 1
2489 1
2487 1
2486 1
2480 1
2475 1
2473 1
2469 2
2467 1
2465 1
2464 1
2459 1
2456 2
2452 1
2451 1
2450 2
2449 1
2444 2
2440 1
2437 1
2432 1
2431 1
2428 1
2422 1
2421 2
2420 1
2417 1
2414 2
2405 1
2402 1
2395 2
2394 1
2392 1
2391 1
2387 1
2385 2
2383 2
2382 1
2381 1
2380 1
2378 1
2375 1
2374 1
2371 1
2361 1
2360 2
2356 1
2350 1
2349 1
2345 1
2342 1
2340 1
2339 1
2338 1
2336 1
2335 1
2334 1
2329 1
2326 1
2323 1
2322 1
2320 1
2316 2
2315 1
2310 1
2309 1
2308 1
2306 2
2304 1
2299 2
2298 1
2296 1
2291 1
2288 2
2286 1
2282 1
2280 1
2279 1
2276 1
2275 3
2272 1
2270 1
2268 1
2266 2
2264 1
2260 1
2257 2
2256 3
2255 1
2254 1
2251 1
2250 1
2249 1
2247 1
2242 1
2241 1
2238 1
2237 2
2235 2
2232 1
2231 1
2230 1
2228 1
2227 1
2223 1
2222 1
2221 3
2220 1
2212 2
2209 1
2205 1
2204 1
2202 1
2196 2
2192 1
2190 1
2189 1
2187 2
2185 3
2184 1
2183 1
2177 1
2176 1
2174 1
2173 2
2167 3
2166 1
2165 1
2160 1
2159 1
2157 1
2156 1
2153 1
2151 1
2147 1
2145 1
2144 2
2142 2
2140 1
2136 1
2135 2
2134 1
2133 1
2131 1
2128 1
2126 1
2121 1
2119 4
2117 1
2116 1
2115 2
2112 1
2108 1
2107 1
2106 2
2105 2
2104 1
2102 1
2101 1
2100 3
2099 1
2095 1
2094 1
2093 1
2090 1
2088 1
2085 3
2080 1
2079 1
2077 1
2070 1
2069 1
2067 1
2065 2
2064 1
2063 2
2062 1
2061 1
2060 1
2058 4
2054 1
2053 1
2049 2
2044 1
2042 1
2041 1
2040 2
2034 1
2028 1
2027 2
2025 1
2024 1
2023 1
2020 1
2018 1
2017 2
2015 1
2014 3
2006 1
2005 1
2004 2
2003 1
2000 1
1998 2
1996 1
1993 1
1991 1
1990 1
1989 1
1987 1
1981 1
1980 2
1979 2
1969 1
1967 1
1964 1
1961 1
1960 1
1958 1
1957 2
1955 3
1954 1
1953 1
1949 1
1947 1
1944 2
1943 1
1942 3
1940 1
1938 1
1933 1
1931 1
1924 2
1921 3
1919 3
1917 1
1916 1
1915 1
1913 1
1909 2
1908 1
1906 1
1900 2
1898 1
1897 3
1896 1
1894 1
1893 1
1892 1
1891 1
1890 1
1889 2
1888 1
1886 1
1881 2
1877 1
1876 2
1874 1
1873 1
1872 2
1870 2
1868 1
1867 3
1866 2
1865 1
1864 1
1863 2
1860 2
1858 1
1857 1
1856 1
1854 2
1853 1
1852 1
1851 1
1850 1
1849 2
1848 2
1847 2
1845 2
1844 1
1843 1
1842 1
1839 2
1838 1
1837 1
1834 1
1833 5
1831 1
1830 2
1829 1
1828 2
1822 1
1821 1
1820 1
1818 2
1817 3
1816 1
1815 2
1814 2
1813 1
1811 1
1810 1
1809 1
1808 1
1806 1
1805 1
1802 3
1801 2
1800 3
1798 1
1796 1
1795 1
1794 2
1792 1
1790 1
1789 1
1786 1
1785 1
1784 1
1783 1
1782 2
1777 1
1773 1
1772 1
1771 2
1770 2
1769 2
1768 2
1767 2
1766 3
1765 1
1763 1
1761 1
1759 1
1758 4
1757 1
1755 2
1754 1
1752 1
1751 1
1750 1
1748 1
1747 1
1746 2
1744 2
1742 1
1740 1
1738 1
1737 1
1735 2
1729 3
1728 1
1727 3
1726 2
1725 1
1724 2
1723 1
1722 1
1720 1
1719 1
1717 1
1715 4
1714 1
1713 1
1712 3
1709 1
1707 2
1705 1
1704 1
1703 1
1702 1
1701 1
1699 1
1698 1
1697 2
1696 2
1695 1
1692 1
1691 1
1687 1
1683 2
1680 1
1678 1
1677 2
1675 1
1674 2
1671 1
1670 1
1665 1
1663 2
1661 4
1658 1
1653 2
1652 3
1651 1
1650 1
1649 1
1648 1
1643 2
1642 1
1639 1
1638 1
1637 2
1636 1
1633 1
1632 1
1630 1
1629 1
1628 1
1627 1
1625 1
1623 1
1621 1
1620 2
1619 1
1618 1
1616 1
1615 3
1614 1
1612 1
1611 1
1610 2
1608 1
1607 3
1606 1
1605 1
1604 2
1603 2
1602 1
1601 1
1599 2
1598 1
1597 1
1596 2
1595 1
1592 1
1591 1
1590 5
1587 1
1585 3
1583 1
1581 1
1580 3
1576 1
1575 4
1574 1
1573 1
1571 2
1569 1
1568 1
1567 2
1566 1
1565 1
1564 2
1563 1
1562 2
1560 1
1559 1
1557 1
1552 2
1551 1
1550 3
1549 3
1548 2
1547 1
1546 1
1545 1
1544 1
1542 2
1538 1
1536 2
1535 1
1534 1
1533 2
1531 1
1529 3
1528 2
1527 1
1524 1
1523 2
1522 1
1520 2
1517 3
1515 2
1513 1
1511 1
1509 3
1507 3
1506 2
1505 4
1501 5
1500 1
1499 2
1498 2
1497 1
1496 2
1495 1
1494 2
1493 2
1492 1
1491 1
1490 3
1489 2
1488 4
1487 4
1486 1
1485 2
1483 1
1482 2
1481 5
1480 1
1479 2
1478 2
1477 1
1476 3
1475 1
1474 1
1472 1
1471 2
1470 4
1469 1
1468 3
1467 5
1466 1
1465 2
1464 1
1463 2
1462 1
1460 1
1459 2
1457 2
1456 2
1454 3
1453 1
1452 2
1451 3
1450 3
1449 1
1448 1
1447 3
1445 2
1444 1
1443 3
1440 1
1439 2
1438 2
1437 2
1435 2
1434 1
1433 1
1432 1
1431 3
1430 1
1429 1
1427 2
1425 1
1420 2
1419 1
1418 1
1417 1
1416 3
1414 4
1413 1
1412 1
1411 1
1410 1
1409 1
1408 3
1407 3
1404 2
1403 3
1401 1
1400 1
1399 2
1398 4
1396 3
1395 1
1394 1
1393 1
1391 6
1389 2
1388 2
1387 1
1386 5
1385 4
1384 2
1383 4
1382 1
1381 2
1380 1
1378 1
1377 3
1376 2
1375 1
1372 1
1371 4
1370 1
1366 1
1364 1
1363 1
1362 2
1361 2
1360 4
1358 2
1357 1
1356 2
1355 1
1354 3
1351 4
1350 3
1349 1
1348 1
1347 1
1344 4
1341 3
1340 1
1339 1
1338 2
1336 1
1335 2
1334 2
1333 1
1332 2
1330 1
1329 2
1325 2
1324 2
1323 3
1322 2
1321 2
1318 1
1316 3
1315 1
1314 4
1313 1
1308 2
1306 2
1305 2
1304 1
1303 2
1302 2
1300 1
1299 5
1298 1
1297 1
1295 2
1294 1
1293 2
1292 1
1291 1
1290 4
1289 3
1288 2
1287 1
1286 1
1285 4
1284 2
1283 5
1282 1
1281 2
1279 1
1278 1
1276 1
1275 2
1274 2
1273 1
1272 2
1271 1
1270 1
1269 3
1268 3
1267 3
1266 3
1265 1
1264 1
1263 3
1261 2
1260 4
1259 2
1257 3
1256 4
1255 3
1254 4
1252 2
1251 3
1250 1
1249 3
1247 2
1246 4
1245 3
1244 1
1243 2
1242 1
1241 3
1240 3
1239 2
1238 1
1237 5
1236 4
1235 3
1234 3
1233 1
1232 1
1231 5
1230 4
1229 1
1228 2
1227 1
1226 2
1225 2
1224 3
1223 3
1222 1
1220 4
1219 3
1218 2
1217 2
1216 5
1215 1
1214 3
1213 2
1212 2
1211 2
1209 1
1208 1
1207 1
1206 5
1205 1
1204 1
1203 1
1202 1
1201 2
1199 1
1198 6
1197 2
1194 3
1193 2
1192 2
1191 4
1189 2
1188 1
1187 4
1186 2
1185 3
1184 5
1183 1
1182 1
1180 2
1179 1
1178 1
1177 2
1176 3
1175 1
1174 2
1173 1
1171 1
1170 2
1169 2
1168 5
1167 1
1166 1
1164 1
1163 2
1162 1
1161 2
1160 4
1159 5
1158 1
1157 3
1156 3
1155 4
1154 3
1153 4
1152 4
1151 1
1150 2
1149 3
1148 1
1146 7
1145 7
1143 4
1142 2
1141 6
1140 1
1139 2
1138 3
1137 3
1136 2
1135 1
1134 1
1133 1
1132 2
1131 1
1130 2
1129 1
1128 1
1126 2
1125 2
1124 1
1122 1
1121 1
1120 2
1119 2
1118 1
1117 2
1116 1
1115 2
1114 2
1113 1
1111 6
1110 4
1109 1
1108 2
1107 3
1106 3
1105 5
1104 1
1103 3
1102 4
1101 2
1100 1
1099 2
1098 3
1097 3
1096 4
1095 2
1094 4
1093 1
1092 4
1091 3
1089 3
1088 3
1087 4
1086 4
1084 2
1083 2
1082 2
1081 3
1080 2
1079 4
1078 2
1077 4
1076 2
1075 1
1074 3
1073 1
1072 4
1071 3
1070 1
1069 2
1068 1
1067 1
1066 2
1065 3
1064 1
1063 5
1062 2
1061 3
1060 4
1059 5
1057 5
1056 3
1055 2
1054 2
1052 2
1051 1
1050 2
1049 1
1048 3
1047 3
1046 1
1045 3
1044 2
1042 3
1041 5
1040 1
1039 3
1038 2
1037 2
1036 4
1035 2
1034 3
1033 4
1032 1
1031 2
1030 3
1029 3
1028 1
1027 2
1026 7
1025 4
1024 3
1023 2
1022 4
1021 2
1020 1
1019 5
1018 3
1017 5
1016 1
1015 5
1014 2
1013 1
1012 2
1011 4
1010 5
1009 7
1008 4
1007 2
1006 1
1005 6
1004 4
1003 6
1001 3
1000 4
999 4
998 3
997 3
996 2
995 1
994 5
993 3
992 5
991 7
990 1
989 2
988 3
987 1
986 3
985 2
984 2
983 5
982 5
981 1
978 3
977 4
976 3
975 3
974 1
973 9
972 1
971 1
970 1
969 5
968 2
966 3
965 6
964 3
963 4
962 2
961 4
960 4
959 3
958 4
957 4
956 2
955 5
954 3
953 5
952 2
951 3
950 5
949 4
948 2
947 3
946 5
945 4
944 4
943 5
942 2
941 8
940 4
939 6
938 7
936 2
935 3
934 6
933 6
932 5
931 4
930 2
929 6
928 3
927 1
926 3
925 1
924 3
923 9
922 4
921 2
920 2
919 5
918 5
917 4
916 2
915 5
914 3
913 3
911 3
910 6
909 3
908 3
907 3
906 5
905 1
904 3
902 3
901 3
900 3
899 3
898 3
897 6
896 5
895 4
894 3
893 2
892 6
891 10
890 2
889 2
888 3
887 1
886 6
885 2
884 4
883 2
882 3
881 6
880 4
879 3
878 4
876 3
875 2
874 3
873 5
872 3
871 2
870 10
869 7
868 6
867 3
866 4
865 4
864 4
863 1
862 2
861 2
860 1
859 2
858 6
857 8
856 2
855 6
854 4
853 2
852 6
851 3
850 6
849 3
848 2
847 7
846 3
845 7
844 4
843 7
842 4
841 5
840 9
839 5
838 4
837 6
836 7
835 4
834 2
833 3
832 7
831 6
830 4
829 3
828 7
827 3
826 5
825 4
824 2
823 3
822 2
821 4
820 7
819 5
818 4
817 7
816 7
815 8
814 6
813 5
812 1
811 9
810 5
809 4
808 5
807 2
806 4
805 1
804 2
803 6
802 6
801 5
800 4
799 5
798 5
797 4
796 4
795 8
794 4
793 4
792 5
791 5
790 7
789 5
788 3
787 4
786 5
785 4
784 7
783 6
782 5
781 2
780 7
779 6
778 7
777 11
776 4
775 8
774 5
773 9
772 2
771 6
770 4
769 2
768 1
767 7
766 7
765 5
764 8
763 6
762 3
761 3
760 6
759 5
758 2
757 1
756 4
755 6
754 5
753 1
752 5
751 6
750 4
749 5
748 5
747 5
746 5
745 6
744 12
743 2
742 7
741 6
740 3
739 5
738 6
737 4
736 6
735 3
734 4
733 5
732 9
731 6
730 4
729 1
728 6
727 4
726 6
725 10
724 4
723 6
722 1
721 4
720 6
719 6
718 5
717 2
716 8
715 6
714 6
713 5
712 8
711 5
710 9
709 6
708 3
707 7
706 10
705 6
704 7
703 7
702 12
701 12
700 7
699 2
698 10
697 3
696 4
695 5
694 4
693 5
692 8
691 9
690 5
689 3
688 5
687 2
686 9
685 9
684 4
683 6
682 5
681 1
680 7
679 5
678 9
677 6
676 5
675 6
674 5
673 12
672 5
671 6
670 7
669 4
668 7
667 5
666 5
665 9
664 5
663 10
662 4
661 5
660 9
659 4
658 7
657 7
656 4
655 6
654 2
653 2
652 9
651 6
650 5
649 6
648 4
647 11
646 7
645 5
644 4
643 6
642 6
641 6
640 7
639 8
638 9
637 9
636 12
635 8
634 8
633 7
632 7
631 4
630 11
629 7
628 13
627 8
626 5
625 10
624 3
623 4
622 3
621 11
620 7
619 8
618 3
617 7
616 9
615 13
614 14
613 5
612 8
611 9
610 9
609 11
608 6
607 11
606 5
605 7
604 9
603 10
602 10
601 10
600 7
599 8
598 5
597 7
596 8
595 3
594 8
593 6
592 7
591 10
590 7
589 9
588 7
587 5
586 16
585 12
584 8
583 6
582 8
581 9
580 9
579 16
578 14
577 10
576 12
575 14
574 9
573 9
572 2
571 9
570 10
569 9
568 10
567 8
566 8
565 6
564 7
563 13
562 12
561 11
560 14
559 3
558 6
557 4
556 13
555 15
554 9
553 14
552 5
551 9
550 3
549 12
548 9
547 7
546 7
545 9
544 14
543 10
542 8
541 10
540 12
539 9
538 9
537 10
536 11
535 11
534 10
533 8
532 9
531 9
530 6
529 9
528 10
527 11
526 11
525 11
524 10
523 9
522 9
521 10
520 24
519 8
518 11
517 17
516 16
515 17
514 14
513 12
512 11
511 15
510 12
509 11
508 9
507 13
506 16
505 12
504 13
503 13
502 15
501 12
500 11
499 12
498 12
497 7
496 11
495 8
494 14
493 17
492 11
491 9
490 16
489 12
488 11
487 12
486 4
485 7
484 13
483 12
482 10
481 10
480 18
479 10
478 14
477 11
476 12
475 22
474 10
473 12
472 12
471 11
470 13
469 17
468 13
467 17
466 17
465 9
464 15
463 12
462 24
461 18
460 16
459 13
458 17
457 17
456 21
455 15
454 15
453 21
452 10
451 13
450 15
449 10
448 11
447 21
446 11
445 22
444 15
443 18
442 24
441 15
440 27
439 22
438 16
437 23
436 16
435 16
434 19
433 20
432 21
431 15
430 20
429 17
428 20
427 25
426 9
425 15
424 18
423 16
422 19
421 16
420 27
419 14
418 14
417 21
416 15
415 21
414 20
413 21
412 23
411 17
410 20
409 28
408 22
407 28
406 16
405 12
404 15
403 25
402 12
401 12
400 18
399 22
398 14
397 19
396 28
395 18
394 24
393 22
392 23
391 16
390 23
389 23
388 11
387 30
386 19
385 22
384 23
383 26
382 20
381 29
380 19
379 25
378 23
377 21
376 23
375 15
374 12
373 30
372 20
371 21
370 32
369 15
368 23
367 19
366 20
365 29
364 20
363 31
362 22
361 20
360 27
359 20
358 31
357 19
356 26
355 30
354 23
353 32
352 29
351 31
350 23
349 31
348 22
347 22
346 29
345 30
344 32
343 29
342 26
341 34
340 25
339 33
338 36
337 18
336 35
335 26
334 24
333 42
332 17
331 27
330 27
329 20
328 27
327 25
326 31
325 29
324 42
323 22
322 28
321 39
320 26
319 39
318 32
317 28
316 37
315 37
314 40
313 35
312 37
311 26
310 29
309 30
308 34
307 37
306 38
305 27
304 37
303 40
302 40
301 31
300 40
299 42
298 37
297 46
296 28
295 35
294 36
293 45
292 36
291 40
290 37
289 43
288 39
287 33
286 39
285 47
284 44
283 45
282 32
281 38
280 44
279 36
278 33
277 51
276 49
275 45
274 40
273 38
272 43
271 51
270 43
269 60
268 46
267 52
266 47
265 54
264 45
263 45
262 44
261 55
260 52
259 45
258 64
257 41
256 42
255 50
254 70
253 53
252 61
251 68
250 67
249 64
248 52
247 50
246 56
245 59
244 70
243 60
242 69
241 56
240 70
239 70
238 78
237 57
236 64
235 59
234 59
233 77
232 63
231 87
230 54
229 73
228 51
227 70
226 65
225 62
224 72
223 63
222 79
221 71
220 55
219 58
218 80
217 73
216 66
215 89
214 78
213 71
212 72
211 79
210 84
209 67
208 83
207 83
206 91
205 106
204 85
203 91
202 88
201 111
200 92
199 96
198 110
197 101
196 109
195 113
194 112
193 96
192 103
191 88
190 111
189 105
188 105
187 134
186 105
185 106
184 119
183 119
182 101
181 119
180 117
179 115
178 103
177 125
176 145
175 158
174 128
173 130
172 120
171 159
170 129
169 152
168 166
167 152
166 138
165 141
164 145
163 174
162 169
161 188
160 172
159 162
158 179
157 172
156 154
155 186
154 190
153 173
152 181
151 211
150 176
149 197
148 217
147 192
146 225
145 234
144 212
143 227
142 241
141 240
140 219
139 225
138 237
137 267
136 247
135 265
134 283
133 279
132 271
131 264
130 331
129 284
128 294
127 353
126 300
125 333
124 323
123 330
122 316
121 312
120 356
119 361
118 386
117 361
116 362
115 384
114 353
113 389
112 416
111 394
110 416
109 453
108 431
107 449
106 452
105 450
104 472
103 525
102 455
101 521
100 511
99 475
98 497
97 537
96 567
95 562
94 586
93 552
92 566
91 610
90 602
89 589
88 697
87 685
86 674
85 676
84 759
83 676
82 797
81 770
80 792
79 806
78 809
77 862
76 862
75 850
74 915
73 1003
72 968
71 1057
70 1034
69 1077
68 1138
67 1152
66 1224
65 1293
64 1304
63 1345
62 1339
61 1446
60 1466
59 1546
58 1606
57 1640
56 1726
55 1796
54 1875
53 1975
52 2029
51 2091
50 2163
49 2309
48 2415
47 2508
46 2550
45 2624
44 2879
43 2950
42 3009
41 3224
40 3271
39 3602
38 3805
37 3898
36 4111
35 4284
34 4542
33 4869
32 5058
31 5316
30 5696
29 6017
28 6363
27 7083
26 7517
25 8026
24 8734
23 9264
22 10293
21 11096
20 12287
19 13941
18 15186
17 16794
16 19096
15 21779
14 24952
13 29001
12 34171
11 40920
10 49608
9 61175
8 77524
7 102771
6 142422
5 212345
4 355243
3 713732
2 2261395
1 29452171
