1 0.181676
2 0.181676
4 0.181676
8 0.181677
16 0.181678
32 0.181682
64 0.18169
128 0.181704
256 0.181734
512 0.181794
1024 0.181912
2048 0.18215
4096 0.182625
8192 0.183575
16384 0.185473
32768 0.189264
65536 0.196821
131072 0.211786
262144 0.239477
524288 0.282503
1048576 0.342241
2097152 0.406493
4194304 0.490854
8388608 0.600887
16777216 0.701565
33554432 0.83018
67108864 1
134217728 1
268435456 1
536870912 1
1073741824 1
2147483648 1
4294967296 1
8589934592 1
17179869184 1
34359738368 1
68719476736 1
137438953472 1
274877906944 -2
549755813888 -2
