1 4.46059e-07
2 8.92117e-07
4 1.78423e-06
8 3.56847e-06
16 7.13694e-06
32 1.42739e-05
64 2.85478e-05
128 5.70955e-05
256 0.000114191
512 0.000228382
1024 0.000456764
2048 0.000913528
4096 0.00182706
8192 0.00365411
16384 0.00730823
32768 0.0146165
65536 0.0292329
131072 0.0584658
262144 0.116932
524288 0.189303
1048576 0.242746
2097152 0.298702
4194304 0.35177
8388608 0.393001
16777216 0.472306
33554432 0.557138
67108864 0.558137
134217728 0.558575
268435456 0.559452
536870912 0.561207
1073741824 0.563868
2147483648 0.563868
4294967296 0.563868
8589934592 0.563868
17179869184 0.563868
34359738368 0.563868
68719476736 0.563868
137438953472 0.563868
274877906944 0.563868
549755813888 0.563868
