1 2.85306e-07
2 5.70612e-07
4 1.14122e-06
8 2.28245e-06
16 4.56489e-06
32 9.12979e-06
64 1.82596e-05
128 3.65192e-05
256 7.30383e-05
512 0.000146077
1024 0.000292153
2048 0.000584306
4096 0.00116861
8192 0.00233723
16384 0.00467445
32768 0.0093489
65536 0.0186978
131072 0.0373956
262144 0.0747912
524288 0.149582
1048576 0.299165
2097152 0.502899
4194304 0.564895
16777216 0.644801
33554432 0.710442
67108864 0.727865
134217728 0.728071
134217728 0.728071
268435456 0.728483
536870912 0.729306
1073741824 0.730953
2147483648 0.73145
4294967296 0.73145
8589934592 0.73145
17179869184 0.73145
34359738368 0.73145
68719476736 0.73145
137438953472 0.73145
274877906944 0.73145
549755813888 0.73145
