1 0.479571
2 0.479571
4 0.479571
8 0.479571
16 0.479572
32 0.479574
64 0.479577
128 0.479584
256 0.479599
512 0.479627
1024 0.479684
2048 0.479797
4096 0.480024
8192 0.480476
16384 0.48138
32768 0.48318
65536 0.486769
131072 0.493917
262144 0.508081
524288 0.534672
1048576 0.570276
2097152 0.610207
4194304 0.658308
16777216 0.793467
33554432 0.867997
67108864 0.966633
134217728 1
134217728 1
268435456 1
536870912 1
1073741824 1
2147483648 1
4294967296 1
8589934592 1
17179869184 1
34359738368 1
68719476736 1
137438953472 1
274877906944 1
549755813888 -2
