1 1.36933e-07
2 2.73867e-07
4 5.47733e-07
8 1.09547e-06
16 2.19093e-06
32 4.38187e-06
64 8.76373e-06
128 1.75275e-05
256 3.50549e-05
512 7.01099e-05
1024 0.00014022
2048 0.000280439
4096 0.000560879
8192 0.00112176
16384 0.00224352
32768 0.00448703
65536 0.00897406
131072 0.0179481
262144 0.0358962
524288 0.0717925
1048576 0.143585
2097152 0.286968
4194304 0.466898
8388608 0.525304
16777216 0.548734
33554432 0.573317
67108864 0.617684
134217728 0.64556
268435456 0.645754
536870912 0.646141
1073741824 0.646916
2147483648 0.648465
4294967296 0.650295
8589934592 0.650295
17179869184 0.650295
34359738368 0.650295
68719476736 0.650295
137438953472 0.650295
274877906944 0.650295
549755813888 0.650295
