1 0.442955
2 0.442955
4 0.442955
8 0.442955
16 0.442955
32 0.442956
64 0.442957
128 0.442961
256 0.442968
512 0.442981
1024 0.443008
2048 0.443063
4096 0.443171
8192 0.443389
16384 0.443822
32768 0.444688
65536 0.446412
131072 0.44983
262144 0.456582
524288 0.469944
1048576 0.494918
2097152 0.528483
4194304 0.564314
8388608 0.606758
16777216 0.66379
33554432 0.714755
67108864 0.777174
134217728 0.860332
268435456 0.97505
536870912 1
1073741824 1
2147483648 1
4294967296 1
8589934592 1
17179869184 1
34359738368 1
68719476736 1
137438953472 1
274877906944 1
549755813888 1
